7415	17740
175	11742
4525	18560
6999	11689
8680	23401
2963	15631
8189	37396
7102	37103
8916	23037
8881	22992
2088	13474
5487	13240
4345	17730
374	12005
5939	20392
2722	14167
1396	36041
1127	12725
5979	20395
4956	18860
9967	24264
5679	20059
3842	16808
5329	19951
3204	16334
4044	17135
9183	23133
6978	21348
4431	18085
4831	17974
4361	17479
6563	21093
9226	29147
4883	19217
10513	24190
6452	13856
3286	16095
9671	37880
6119	20370
10223	23902
8729	23480
8773	22891
3279	16081
3904	36549
4535	18191
722	11670
5265	11647
11093	25239
7703	19884
9539	23143
8587	23351
1570	12563
1858	13168
10577	24190
1670	12581
361	11797
537	11849
3942	36575
2871	15177
3988	17104
9033	22538
754	12152
2725	14108
6302	20292
7213	15449
2580	14136
10437	23837
5074	19490
6971	21346
6532	21071
4900	19001
1919	36308
2960	15301
572	13325
5114	19471
2428	14272
8598	22750
10879	25100
3158	16256
3264	16378
3136	14977
8501	15430
10264	23911
7918	17351
2981	15665
1929	12988
799	12171
1808	12263
4838	17839
3634	17011
8579	22733
11476	25194
11414	25405
10485	24190
8883	22994
177	11744
7953	17752
6070	20321
2965	15307
759	12072
9633	24730
10184	24303
3005	15686
2288	13736
4335	17560
11477	25195
4907	36761
3068	15047
8592	22743
11474	25192
5138	19128
124	11763
6824	21406
2092	13634
1882	13129
7586	20789
9213	23137
1210	12487
6478	21030
4814	18360
5653	19782
4579	18416
8362	15421
8105	22125
5242	18999
8554	23324
8906	22531
7863	21799
1573	12564
3133	15024
3889	15599
3361	16146
3826	17073
7033	37051
4235	17626
8701	23423
4905	19147
6841	21428
2804	15725
11182	25352
10695	24222
5454	36341
546	11649
2307	13989
9612	22208
9470	22561
3351	15989
526	35936
4454	18003
9544	37893
10810	25045
943	12624
2577	14101
10546	24190
2076	13862
1829	12190
7861	21675
4190	17614
1308	12254
6768	20941
4089	17583
6518	21059
5269	19924
7162	21324
11169	25363
1767	12190
10564	24190
3932	15021
9134	19575
8577	22733
3417	16151
5539	20159
2721	14167
8336	15086
3442	16013
796	12173
8673	23390
4340	17562
9464	22561
2747	14071
6299	36880
5318	36847
1971	12995
2052	13589
7542	37258
430	11613
6303	20190
7506	17997
5926	20627
10446	24158
2235	13706
4849	35859
4289	17788
7678	37291
4330	17546
9532	23138
8769	23555
9848	22102
3194	16053
11271	25370
675	11892
6757	20939
221	11682
4387	18032
2584	14138
2328	13825
9630	24729
5853	19815
4365	18028
8160	22090
10304	24321
6656	21164
5627	19776
8755	23533
9680	13584
7700	37317
3343	16450
9111	23131
711	11666
6784	12084
864	11924
4841	11971
9659	24538
9885	24242
6880	37028
4509	18629
1915	12977
3089	15022
4137	11693
10100	24275
403	11613
5397	19962
11161	25366
11415	25405
9705	22433
10829	25407
10917	25260
3134	14977
3843	17243
5295	13247
3462	15958
790	12113
257	11602
306	35830
3022	15040
6002	20666
1124	12721
1289	12504
6838	21423
9646	24580
5120	19614
932	27171
1827	12190
7585	21752
1905	13059
3222	16058
7652	19876
8721	23453
1594	36262
9534	23143
8	11702
1302	12257
10190	24327
11386	25316
2342	36433
10737	24174
5204	19504
11147	24943
2904	15012
8147	22087
7041	37066
6145	20494
3848	17358
874	12128
5725	19792
5096	19466
4550	17951
1846	13028
5411	19973
112	11976
4153	17644
655	12056
7772	19246
8295	15894
4965	19269
64	11711
3132	14977
3809	17235
2391	13450
606	11643
10673	24197
7666	37293
7828	21728
7526	21866
7016	11689
1832	13023
5073	19489
8590	22741
1904	13056
2813	15487
7308	21695
4109	35782
2281	13953
7251	16251
6815	21393
5519	20005
8623	23383
2709	14227
7735	19854
8398	37766
7975	14001
798	12176
5048	36829
1419	12279
2005	13286
9936	24244
6498	21047
11424	25316
10480	24190
10279	23916
6860	21601
8827	22947
2740	14141
8317	15754
10119	24622
3333	16434
1304	12257
9279	22560
5060	19507
716	11664
9857	22102
8138	22201
7837	37380
3776	17004
9275	22560
3530	16743
2057	13601
6189	20808
5497	13196
10329	24356
319	35836
3944	15256
9405	22560
5457	36342
697	11874
1552	36238
272	19586
2174	13436
2880	15215
5954	20395
1762	12190
63	11714
5784	19799
1428	36064
2829	15503
5283	13245
8297	15746
4103	17487
3098	15073
2425	14419
4917	19078
1368	12520
1191	12480
6578	21107
5921	20624
294	11731
10470	24190
478	35950
11216	24997
5952	20634
5520	20005
8864	23660
11320	25466
10110	24275
5289	13247
5719	20081
4647	18266
942	12624
4657	18689
1868	12949
7115	21547
6987	21468
7887	19028
3740	16840
2002	13308
1539	12342
7913	17351
402	11606
10833	25075
5621	20033
5693	35816
9882	24242
7474	18129
2842	14987
296	35821
11145	24942
1018	12665
7424	37201
8925	23044
4213	17608
2915	15605
7766	21649
2098	13637
8641	22485
639	35964
1023	12665
8950	23076
11343	25327
5428	19985
4281	17678
5422	19979
1585	12831
6098	20207
486	11860
7257	16242
8289	37652
8674	23393
10004	24245
10177	24308
2123	13654
1619	12357
7565	37275
5148	19306
9605	13260
2755	14977
1393	36040
5996	20224
5468	13245
779	12183
10660	24196
5052	19399
4616	17949
11404	25005
3139	14977
6536	21073
7824	19708
6707	21187
9452	22561
92	11961
9319	22560
372	12009
9549	23146
8830	22947
6729	21200
10547	24190
1009	12659
5558	20011
3156	15963
6805	21385
11051	25215
1404	12431
7204	15110
4844	19165
2954	15301
10809	25044
10262	23906
8859	23638
143	11579
3866	16808
1738	12366
2736	14113
9330	22560
2361	13579
2018	13309
3303	16404
5365	19907
1234	12771
9297	22560
9290	22560
366	11998
6489	21040
8110	22078
2351	14019
592	11829
9488	22561
628	11888
236	11769
52	11948
10487	24190
6828	21413
6392	20974
6610	21133
2695	14080
3227	16096
432	11613
6231	20529
9950	24244
11212	24995
689	35972
1019	12665
7930	37488
2182	13436
3090	15091
1527	12338
7166	21326
5179	19251
6224	20281
8070	22174
6844	21436
7497	18270
940	12624
1869	12947
3047	15332
2216	36396
2048	13871
7485	17997
5754	20104
395	15546
4530	18599
7763	21703
3092	15125
3183	16292
5787	19806
7898	37383
3163	15963
2761	15391
6672	20925
2405	14071
7105	37108
8502	37782
8966	23090
10606	24190
8862	22978
1994	13289
6355	21266
6270	20772
952	12631
1777	12190
2087	13480
7265	37165
398	11613
1006	12657
1314	12254
4482	18001
8760	22877
551	13325
5434	19987
7364	17343
7544	21357
9860	22102
2377	13563
7191	21371
6086	36889
4303	17540
8323	15905
6442	21007
7802	19019
8153	37635
5399	19962
4123	17770
4252	17786
11380	25316
2528	14101
8466	22628
2276	13745
6451	21015
8962	23081
9655	24551
1947	13216
611	11647
1548	12336
9495	22561
440	11622
846	12097
1118	12722
4882	19217
3785	17038
10176	24306
11108	24881
9573	23164
6522	21062
8832	22506
318	11734
10959	37901
8555	22701
2471	14251
2170	13221
6690	20929
5546	19768
3738	16837
10691	24222
5994	20224
5581	15274
5032	18995
3345	16119
10914	25257
1667	12577
9306	22560
2640	14155
3920	15021
9355	22560
3349	16119
5444	19997
10433	23833
6076	20329
5963	20644
8663	22805
1651	12834
4481	36732
5287	19742
5623	20035
459	11633
9621	24729
3181	16042
7129	18476
6342	20876
3536	16669
9373	22560
2711	14080
4217	17611
1841	36295
10302	24321
10681	24201
11327	25322
10850	25065
10701	24224
3067	15333
1690	36276
7131	18479
8479	22447
1931	12983
5649	20051
4112	17781
539	11852
1248	12496
4064	16921
4120	17767
4529	18554
7552	20749
10584	24190
6571	21100
6416	21000
9326	22560
238	11769
10741	24174
210	35879
5089	19596
7604	20709
9163	19579
11255	25112
6668	20925
3917	36690
2776	11555
11294	25022
9912	24243
3950	17279
2257	13918
2238	13704
8339	15757
822	12092
4219	13253
10091	24257
8236	37496
2058	13593
7345	17401
7503	37232
2906	15240
3215	16340
380	11803
11052	25216
4304	17540
6406	18839
8690	22826
7748	20110
5864	36662
1452	36061
3029	15658
8971	22532
4025	17133
6781	20247
1688	36276
434	11613
29	11935
78	11959
10314	23922
10242	23918
6623	21146
5580	15274
6626	21144
4119	17772
1351	12808
11256	25112
9677	37886
5358	19726
9389	22560
3701	16959
111	11976
1899	12913
1217	12487
3562	37442
3495	16775
6751	21207
1021	12665
9318	22560
117	11760
6222	20538
684	11899
4677	37518
1507	12330
1538	36233
11002	20453
961	12634
9063	15442
7865	19027
11468	25188
5199	19511
3483	36661
369	12001
7807	21725
11249	24995
732	12061
720	35982
8699	22485
7739	19899
329	35881
4511	18467
6333	20957
169	11584
3822	17055
11383	25316
6475	21027
1322	12201
1821	12212
7180	21369
4572	17957
2475	14247
920	30845
5147	19306
6901	37030
6913	37026
1833	13121
7704	19884
9078	23110
7134	18395
2056	13592
5862	19648
5832	19812
10728	24176
9570	23827
753	12149
8006	37534
11152	24940
951	12627
8537	22684
3921	15021
939	11555
8684	23417
11204	25394
11450	25235
3311	15977
2156	13678
2199	36391
11155	24934
2068	13603
11026	37932
6839	21424
6286	20310
5918	20629
10994	20451
4828	18646
9385	22560
2144	13491
10746	23779
9289	22560
5431	19747
5506	20004
1394	12419
5783	19798
8945	23736
4058	16815
1247	12498
7380	17446
1405	12427
14	11941
5299	19935
7413	37193
4653	18677
6349	20952
3606	16701
11393	25454
1528	12338
7533	21866
4395	18505
6210	20559
2967	15307
4423	18085
9843	22102
5507	20004
10229	23900
933	27165
5421	19985
2129	13658
11028	25238
3563	16752
5677	20058
1874	12951
6669	21165
8156	22182
4865	17134
2181	13436
1204	12443
2316	13997
5941	20392
892	36008
5057	19507
8915	23037
5390	19727
4081	17489
7957	18483
529	35937
3277	16081
6684	20933
11348	25473
6555	20982
9458	22561
2126	13653
2542	14167
10497	24190
2173	13226
8547	22695
9368	22560
2604	14455
2154	13680
10687	24201
10818	25054
1862	13129
11451	25224
5981	20663
1101	12705
6852	21441
4650	17839
5247	18860
75	11959
2037	13867
776	12186
8647	22800
4094	17585
134	11580
9058	22544
4607	17869
8182	37390
10465	24190
967	12637
8310	37671
4312	17652
764	12080
6161	20483
3395	15984
6045	20690
8272	37643
3049	36619
2420	14433
9942	24244
1560	12223
1965	13064
8922	23041
10787	25026
4343	17479
4434	18048
5459	13196
5568	19773
8974	22532
10542	24190
6295	20313
6227	20540
2418	36487
11506	12310
5765	20106
4486	17841
1254	12781
8986	22533
4023	17326
5286	13247
5429	19985
3505	16780
7999	18952
9292	22560
2033	13864
5494	37369
5758	20104
929	27176
5824	19680
1407	36061
11170	25366
5951	20634
9510	22561
809	12167
2381	13566
3015	15653
8650	22793
9205	23136
7810	37375
1287	12789
6964	21346
5409	19973
1720	12254
4722	18698
2801	15725
7770	19246
8490	22655
11422	25312
9520	22561
4589	17959
455	11633
6916	21308
5838	19812
1624	12532
6807	21388
6014	20671
2791	15148
8833	22508
2132	13658
4715	18292
882	11929
1411	36065
1550	12345
3724	36679
10011	24263
10277	23822
1408	12279
7560	37273
9445	22561
6589	21115
96	11964
2241	13532
7032	37050
6646	21160
2450	14618
4257	17662
11087	24751
9256	37845
6935	37081
3104	14977
5093	19463
8030	37544
1345	12313
555	35899
3929	36564
1987	13287
8898	23013
11273	24956
3616	11982
10	11702
5381	19915
2502	14519
11321	25467
6600	21127
3673	17170
9694	15746
4053	16815
4952	18913
2522	14278
1108	12707
5639	20043
2578	14133
2039	13869
6557	21089
7483	18490
673	11660
6235	20535
2618	14071
8781	22900
5238	18860
574	35898
5268	19928
4510	18138
670	11660
9006	22535
6526	21067
6866	21449
4317	17548
3679	17176
4300	17540
4234	17623
5310	19944
9027	22538
9070	23100
8260	22118
2941	15623
8726	23469
9278	22560
5968	20398
805	12177
3713	16958
4099	17492
9108	23128
2275	13745
152	11759
7654	21649
5065	19116
5699	20042
2534	14105
9419	22560
10078	24270
520	19632
9024	22537
869	12124
6813	21391
6298	20573
7851	21798
181	11745
4197	17599
11385	25316
743	11906
6304	20296
7545	21357
638	11878
2229	13912
9689	13584
9628	37879
1290	12507
11389	25454
1500	36223
9142	37838
91	11961
8800	23580
3033	15325
10874	25097
10017	24293
1871	12949
1647	12357
10148	23867
6829	21414
9472	22561
11184	25353
2246	13532
2208	13532
5882	20120
197	11777
225	11682
859	12095
4978	19422
8438	22604
7732	20126
10169	23887
1152	12728
9295	22560
3448	16225
2612	14071
11085	24870
10385	24063
3545	16680
5686	20066
4458	18013
10813	25049
2140	13661
7479	17997
7495	18270
2939	15040
2245	13532
6666	13858
79	11959
7879	21842
8561	23328
881	11929
2353	13807
9054	22768
11495	24845
9674	37883
7806	21725
4633	18405
4909	36761
1116	12713
4816	18646
7318	17343
3995	16902
2499	14513
8416	22582
8100	37445
4436	18050
7505	18268
834	35993
11299	25161
9481	22561
938	11555
9980	24247
6163	20475
7996	18952
8543	18813
2254	13532
8961	23090
10897	25337
7519	17997
2802	15396
11461	25188
6514	21058
46	12133
4207	17603
8298	15746
252	11592
990	12655
10120	24618
10944	25295
4767	17918
8435	22602
8813	22927
7520	18391
2309	13991
4570	17956
3627	16808
5614	20031
10363	24387
9922	24249
5920	20623
1216	12487
10545	24190
146	35865
7670	19872
1825	12190
6438	21004
3556	16687
8139	15729
192	11588
118	35868
8840	22954
5585	15274
8893	23003
3623	16857
9497	22561
1903	13055
9529	15400
7804	37325
10566	24190
2790	15148
3062	15045
10371	24367
6008	20675
9014	22536
113	11976
6020	20677
1051	12883
8638	22780
867	35998
10777	14574
2158	13680
5782	19795
1760	12190
6615	20987
8946	23739
8145	22293
3065	15708
11293	25020
10859	25081
4225	17759
413	11613
910	30872
3587	16692
2877	15215
5702	20071
8653	23387
4822	18646
8092	15854
452	35923
958	12631
1524	12335
9847	22102
9839	22102
1692	36276
1686	12364
5092	19463
10381	24016
2095	13637
500	11853
9620	13849
1622	12532
10323	24351
2683	14214
9624	24725
3328	16433
11466	25188
7993	37522
4242	36709
2376	13562
8542	23290
8082	21985
9190	23134
769	12082
3478	16763
1705	12590
782	12186
714	11666
1243	12751
5086	19596
6601	21127
8433	22600
745	11907
11124	24838
9115	19571
11160	24940
578	35899
7237	15454
4117	17781
6736	36989
72	11959
614	11843
5935	20392
3110	15347
6256	20281
1155	12728
11322	25468
6060	20606
8814	22929
10439	23837
3251	16603
8480	22646
1113	12713
2526	14101
3372	15982
2743	14211
8040	37583
4908	19271
4362	17479
5873	19687
7780	19024
11336	37939
6459	36974
7694	19884
5912	20621
5117	19297
10886	25106
4897	19002
1474	36020
10683	24222
6579	21107
7059	21502
2481	14243
11130	24900
4290	17791
11437	25460
1724	12202
6207	20281
1013	12659
1572	12566
879	12128
3152	14977
1779	12190
5549	15024
1026	12665
10342	24337
7701	37318
4689	18253
8751	22869
8278	15742
3721	16832
3799	17042
2259	13916
255	11591
5928	20629
6343	20879
7556	21357
6205	20555
3994	16902
6263	20513
6800	21378
6806	21388
7870	21827
751	12078
9238	29148
8481	22445
1759	12190
2962	15307
5394	19962
8996	22534
6317	20301
2541	14284
5990	20409
7583	21752
130	11765
5068	19106
8461	22627
6237	20281
1175	12612
3377	16074
6134	20745
1694	36276
6918	21331
5360	19727
3055	15045
4673	17839
9095	23121
7099	21355
9745	22575
9176	23132
7570	20357
3230	15971
3176	16038
9562	24927
10225	23902
9030	22538
3325	16429
2449	14610
11225	24977
251	11589
244	11586
3802	17047
4630	17944
10573	24190
5875	19689
10626	24190
1369	12325
10535	24190
6831	21297
7650	20137
2778	14977
1457	36024
2845	14988
2814	15482
6401	18839
8149	22209
6381	36955
10993	20451
5004	18991
8993	22534
2243	13532
7855	21793
9493	22561
6594	21127
2253	13532
11317	25463
3969	17095
9406	22560
515	11657
9080	23112
3084	15125
737	12064
8482	22447
3660	36675
6933	37081
7839	37380
250	11605
10122	24299
3960	17093
10609	24190
10988	20733
7283	16246
7610	37255
11356	25324
8331	15773
878	12128
4131	17775
9316	22560
5380	19915
2461	14090
7709	19708
6636	21150
8698	22485
9408	22560
8774	22497
7164	21326
1997	13234
3240	16348
10303	24321
5291	20061
5659	19783
4154	17643
7026	21323
10975	20446
11219	25400
7867	21827
7468	21630
7469	18129
303	11731
5720	20075
10784	25024
2519	14560
6332	20955
7979	18825
11292	25022
4130	17775
4778	18725
2638	14397
9346	22560
8125	22205
499	12036
4274	13344
6648	21162
6091	20345
3997	37211
3962	17102
2256	13536
2287	13731
10234	23915
4439	17855
6695	21179
7625	37251
9284	22560
8540	23277
6952	21517
2557	14136
5612	20031
1499	12330
9299	22560
1558	36241
2330	13828
6809	21297
1741	12227
2130	36382
4307	17540
4869	17134
3489	16718
6026	20679
7427	37200
1410	12282
195	11986
7778	19021
1877	12963
10645	24190
8819	23608
10369	24030
11121	24836
1872	12963
7377	17396
5836	19812
2920	36579
7367	17466
9291	22560
9397	22560
986	12652
8714	22849
3716	16981
3374	16137
1836	13023
3572	16687
5392	19727
6269	36872
5730	20085
2227	13532
11326	25322
98	11737
5367	19907
10291	24313
7457	21857
2628	14410
10434	23834
8958	23077
8873	15442
10313	23921
6628	21142
5910	20392
2888	15227
2621	14410
5066	19118
1384	36069
1606	36263
2150	36386
11277	24966
2402	14732
10980	20448
10716	24584
7268	16245
10616	24190
6676	21169
7692	19880
803	12176
4984	19197
3570	16684
10166	23867
3151	14977
4284	17681
7904	21847
11443	25436
8399	15799
11459	25235
2147	13676
5273	19928
149	11603
1948	13269
10540	24190
1896	13051
5452	19997
3824	17055
4856	35859
8910	23028
9077	23108
709	11666
7454	21857
7023	21486
5364	19907
8995	22534
1269	12500
2775	11613
8349	37732
1444	12292
275	11951
8743	23497
11458	25233
5919	20622
6603	21133
9354	22560
9999	24245
5316	19742
7847	37381
10689	24201
3319	16110
3895	15245
9603	37849
9468	22561
6939	37081
3184	16042
1112	12713
1378	12325
6448	21012
10018	24293
8021	15832
5772	19801
5923	20407
10097	24257
3831	36684
9286	22560
9859	22102
10311	23923
4059	16808
698	11884
2285	13738
3758	17201
6564	21094
980	12644
6444	21008
10946	25295
3188	16307
4041	16911
138	11579
7336	17343
3619	35850
6185	20802
11236	20239
7995	18952
7094	13626
3284	16610
3566	16687
1883	13129
6928	21506
10128	24302
4159	17641
5672	20057
4305	17540
6453	36969
376	12007
2169	13226
5270	19934
2517	14555
24	11705
3119	21327
10630	24190
3698	16970
1233	12771
6400	20861
1522	12528
11133	24903
1643	12357
9930	24267
683	11899
6843	21429
7593	20787
4988	36770
4799	18375
3436	16018
11178	25352
2437	14192
3266	16378
7555	21357
2999	15315
3420	16000
2655	36481
785	12114
3476	16768
10182	23779
6906	21457
3159	36634
100	11969
11233	24989
3746	16845
4054	16813
6419	36963
3735	16840
6126	20218
10276	23908
264	19586
765	35988
2469	14251
7510	21862
212	11988
174	11742
11281	25389
5512	19668
712	11666
4672	17839
5762	37001
2867	14999
6194	20780
787	12111
2266	13921
678	11894
4558	17952
10212	23879
473	11640
9652	37877
6124	20216
1054	12874
3346	16119
8471	23239
7019	21482
2943	15627
11096	25253
4115	17778
8895	23013
1584	12831
2768	15182
11278	24966
3899	15862
9886	24260
7062	21320
8167	19487
3254	16070
8719	22844
6827	21408
2458	14238
10694	24222
8713	22488
1125	12725
8879	23678
8754	23529
8513	22666
1751	12383
3972	16905
4526	18551
5149	19306
10440	23768
3105	15347
4216	17611
10772	14574
9717	23768
1755	12190
4507	17865
6724	18682
8880	23681
6277	20776
10114	24257
10492	24190
4438	18053
987	12655
8226	21867
11	11941
1761	12190
4232	17621
8185	37403
2622	14410
2909	15605
10972	25113
363	11797
888	11681
10963	20444
2626	14410
9514	22561
1240	12759
1476	36025
390	35901
7394	17164
5766	20105
8894	23005
7172	18841
7335	17343
3135	15028
5746	19680
2137	13660
4955	18988
10390	23827
2500	14516
6084	20341
8692	22833
9392	22560
5212	19518
9025	22537
2415	14742
6339	20961
6759	21211
9341	22560
10916	25259
6254	20281
8020	15830
7135	37128
6456	36972
10622	24190
3209	16334
5049	19120
8241	18487
7161	15609
1936	12916
9317	22560
8516	22669
5607	19779
3868	16808
3656	16810
6872	15785
2916	15260
3077	15125
6528	20903
5856	19815
2670	14410
11126	24841
10113	24275
5933	20618
5670	20061
10288	23819
7502	17997
7667	19870
4617	17949
8158	11555
2815	15487
11115	24889
6574	21102
5538	19768
10384	24063
9223	29144
3644	16850
2599	14200
328	35880
10589	24190
3293	16404
4590	18428
9500	22561
9614	37856
2207	13682
3552	16677
4520	18575
7119	21355
4779	18353
10048	24248
5000	19205
8430	22597
5450	36852
7969	37513
6053	20212
7496	18270
1291	12793
9657	24566
6936	37081
4962	36891
6288	36869
3244	16362
8183	37395
1652	12834
4012	17119
11220	25004
9100	37825
8116	22277
8847	22973
5661	19783
6096	20212
3683	17176
3314	16101
1200	12443
2121	13656
105	11966
1401	12422
8254	37515
2792	15544
9541	23143
10893	25333
34	11705
6293	20305
6941	21515
9513	22561
2900	15236
6018	20674
3315	16102
4133	17765
11304	24834
1487	36071
2561	14130
11371	25451
10462	24190
10228	23899
1192	12480
2217	13522
10524	24190
2951	15297
10518	24190
8128	22208
10662	24196
8397	15923
9227	29148
5605	19779
9426	22561
6705	21186
8485	22648
8453	23194
9480	22561
7832	21664
3437	16015
1603	36263
3201	16334
5369	19907
9429	22561
8558	22706
4543	18196
10936	25285
6783	21222
9988	24265
10979	37908
9618	13849
10583	24190
9475	22561
7351	17456
8753	23525
10272	23876
8094	15938
2588	14144
8584	23338
8933	23060
391	35901
2950	15298
3618	35850
4592	18423
3335	16438
5440	19747
7431	17748
10216	23888
4809	18364
9854	22250
7820	21664
1097	12705
9418	22560
3118	15092
4256	17661
3394	15983
338	35880
3900	36551
2078	13466
3924	36569
10014	24263
3879	36543
3987	17103
4102	35781
5674	20061
4675	37517
5263	19733
3860	17038
5169	19461
5969	20648
6997	21309
5154	19483
4072	16808
4267	17676
11254	25110
7326	17343
6497	21046
7410	17740
3369	16129
7869	21825
9740	23768
10287	23818
3195	16053
10431	23837
5811	20087
4895	19221
57	11720
5706	20046
7054	37057
1143	12445
9200	23136
575	35898
6674	21167
379	11801
6945	21513
9062	22545
3329	16433
8817	23600
8429	22596
1073	12688
2034	13864
9302	22560
8201	37392
7264	16245
2538	14113
2283	13745
899	11997
207	11789
11168	25366
1142	12445
36	11706
9363	22560
4255	17660
397	11613
5984	20665
5305	19944
11454	25235
7840	21675
9361	22560
6470	21021
2718	14107
6363	20964
9380	22560
7715	19708
4643	17839
8179	37387
6745	36995
4495	18121
652	35973
6188	20817
4624	17839
6059	20606
4483	18000
2910	15605
7038	15602
6541	21079
5578	15269
7661	20124
601	11838
11071	25174
10693	24222
10504	24190
6418	36962
3232	16065
5914	20621
10783	25023
599	35931
4374	17855
4884	19217
2694	14080
9253	37845
7660	19854
10352	23790
7722	19708
8790	22921
10598	24190
5750	20100
3880	36543
9729	23768
10942	25285
2636	14410
383	11803
828	12160
11137	24861
7361	17418
4375	18030
6524	21064
10221	23891
10782	25038
10109	24275
1866	12945
10425	24091
1654	12834
6487	21038
6000	36901
11418	25403
6356	21267
9366	22560
10560	24190
8265	21928
4453	18013
1094	12474
11149	24946
4353	17479
5101	19603
2720	14167
5058	19120
1849	13033
8102	22127
5406	19966
9236	29146
855	12123
5764	20109
5443	19993
10985	37912
10580	24190
5938	20392
9863	24240
5451	19997
6155	20486
531	35937
1798	12190
2970	15730
3487	16662
9374	22560
315	35833
9258	37845
820	12109
2739	14144
6110	20361
2826	15504
9311	22560
11148	25369
6799	21376
8225	15858
9032	22538
4259	17664
3402	15323
3784	17038
1839	13026
1459	12275
6142	20491
11223	25004
8603	37812
2099	13637
3869	16808
7101	37103
890	36008
3383	16129
6252	20760
5745	19680
1557	36239
11457	25229
10444	24147
4528	18564
9563	23162
7774	18882
10790	25038
8912	23037
4873	36814
454	35923
1530	12338
5463	13334
11427	25316
7508	17997
11446	25207
3247	16602
5304	19944
3947	17276
8764	22880
9239	29149
277	35808
4602	18434
8108	22078
10633	24190
10663	24196
7499	17997
2053	13590
2125	13652
7621	20430
7254	16251
1674	36255
11083	24844
8457	23209
3513	16730
10047	24248
10642	24190
11202	24954
8969	22531
7280	37167
8786	22910
9592	23172
9050	22543
11053	25223
7885	19257
4541	18194
8460	22620
11274	24959
5757	20104
1640	36253
11190	24922
10778	26412
3338	16420
7433	21697
7915	37477
2067	13602
547	11649
7031	15603
7128	37119
6790	21226
9234	29144
1020	12665
1977	13283
2292	14012
5794	19824
1740	12366
1713	12257
3435	16194
7296	37179
2780	14977
5574	15274
6174	20510
104	11965
10283	23816
10726	24688
3173	16038
4415	18069
4461	18009
1141	12445
6721	21199
9167	23132
8299	15749
4967	18988
8569	22463
2809	15487
1989	13287
4308	17654
6140	20489
10267	23876
4466	17840
7418	37197
1533	12338
5657	19782
8328	15416
8033	20713
9986	24265
5874	19688
4544	18197
8914	23711
10116	24293
9436	22561
8066	22031
3321	15977
2448	14586
9568	23827
9099	18598
8287	15742
4815	17935
4626	17839
9587	22573
9377	22560
2325	13570
6242	20533
8177	13165
2343	14003
7022	21485
2357	13813
211	11988
11222	25004
6864	21447
9081	37822
10382	24016
3063	15045
8746	23509
667	11660
10563	24190
1978	13283
10386	24063
7393	17348
6762	21214
3481	16662
3473	16711
5698	20046
2062	13597
5543	19768
9662	37877
10484	24190
3406	15321
9690	13584
4224	17764
8486	22650
9660	24601
7256	21630
948	12460
1909	12974
8891	23002
1271	12504
3908	36690
7295	16761
560	13325
5869	19648
6848	21433
9599	13847
4763	17918
7143	21289
10106	24275
8896	23013
3911	36690
11013	20458
5734	20088
6471	21022
474	11633
8412	22579
4218	17506
7674	37289
1843	13026
1646	12357
1561	12358
4229	17623
1209	12487
2787	15516
1296	12800
1766	12190
5818	19834
700	11881
300	35826
7118	21623
3220	16058
3038	15325
9422	22560
357	11997
3564	16752
7155	21552
973	12641
3532	16746
2467	14083
3149	15359
858	11924
4821	18174
2478	14247
9540	23143
11478	24853
2364	14027
8866	22982
1625	12821
5161	18860
9947	24262
3342	16111
2784	11617
33	11705
401	11606
6022	11969
4846	11755
3348	16621
2155	13677
10471	24190
10973	20446
8822	23615
3708	16958
2231	13696
1957	13008
1757	12190
10112	24275
8616	22760
2438	14170
3903	36549
8588	22739
5001	19205
8380	37745
3533	16746
2197	13682
6644	21158
9485	22561
11235	24751
8899	22519
4960	19269
2012	13216
1053	12887
4323	17724
5669	20061
5880	19649
6005	20670
656	11880
10020	24293
6605	21129
6477	21029
4410	18062
3726	17183
11297	24826
1461	12275
9180	23133
6344	20879
9550	23147
5733	22379
3102	15396
9109	23129
10869	25090
2491	14101
7786	37359
1608	36263
2781	14977
1629	12532
2487	14090
5312	19742
9415	22560
11004	20458
7089	21323
7829	21649
5797	19826
8992	22534
3289	16614
2605	14772
1776	12190
8361	15790
4459	18007
1493	12314
8727	22853
11500	24851
8759	22876
6159	20264
11090	24874
1537	36231
7651	19873
2905	15243
7906	21849
4134	11693
2619	14410
1008	12659
10461	24190
8532	23262
3957	17306
1840	13026
4085	17577
1506	12330
2047	13466
10925	25268
10797	25031
8982	22533
5081	19502
3709	16958
7624	37251
8222	20427
6472	21023
7197	15445
11181	25352
8848	22963
2069	13606
4927	13351
6241	20534
1852	12939
2480	14243
7420	37198
895	11555
399	11606
56	11719
3283	16610
8957	23080
534	35938
9900	24243
1575	12566
3691	16837
9269	37846
8141	36799
1617	12538
4056	16815
4975	18985
6077	20330
2977	15302
1639	36253
7002	37040
9376	22560
2979	15665
7387	21858
11434	25460
8704	22836
18	11696
8582	22742
1790	12202
6465	21018
10293	24316
9104	23125
6379	20881
1252	12781
4174	17595
4152	17645
2600	14202
495	12036
8531	23254
8452	23190
1771	12190
6983	37042
3193	37683
11201	24954
10791	24803
7595	20405
8593	22744
2571	14327
4777	18355
7846	37381
1897	13054
2925	15260
10954	25299
11226	25386
2408	14426
8090	22140
11248	24995
5802	19808
11173	25345
10948	25295
11250	25112
5701	20061
7047	21493
926	27151
7475	18127
9437	22561
7792	21711
468	11627
2990	15669
10312	23923
4264	17672
2865	14999
7677	19862
5763	20109
5895	20376
11275	24966
239	11786
222	11682
3131	15352
4798	17926
11098	25245
1231	12777
2105	13484
10494	24190
9910	24243
10903	25340
9543	23145
8354	37732
3682	17176
11162	25366
127	11765
3127	15095
3187	16053
2059	13594
9880	24242
2327	13824
1910	12974
6361	20962
3922	36563
9626	24722
8997	22534
8178	37413
886	11929
10909	25344
6691	20929
620	11888
8256	37419
7971	37514
365	12003
2200	36392
2083	13470
2883	36534
3120	15339
5264	11867
4904	18860
7928	17810
166	11581
3747	16841
5079	19313
309	11958
8023	37434
2061	13596
8717	22842
8991	22534
289	11953
7626	21863
10867	25088
6173	36868
10927	25270
6071	20324
4143	11693
5088	36827
3736	16840
1392	12422
524	35936
8865	22981
9201	23136
5363	19907
4728	17918
6160	20481
3797	17047
3793	17227
5717	20079
2395	13453
1518	12528
7084	12911
11352	25327
3934	15019
10722	24176
5104	19601
10479	24190
8973	22532
3186	16042
10358	24390
8218	37610
3751	17191
5076	19488
5024	19631
4922	19119
1615	36251
7554	20751
10773	14574
10596	24190
151	35862
4876	35888
6958	21524
10447	24161
3637	16865
9161	19579
6101	20212
4583	17959
4562	17952
4166	13339
4171	17506
5354	19726
11319	25465
6558	21090
974	12641
7269	16245
5998	20670
6569	21099
6036	20418
793	12176
6562	21092
1198	12443
3800	17047
10474	24190
10083	24253
433	11613
7627	37256
7501	37227
11118	24835
2953	15296
502	11654
3882	15600
4390	18502
5503	13196
11325	24913
7055	13130
8798	22921
7332	17343
183	11555
5710	20074
9842	22102
4608	17962
1717	12202
4853	35859
1630	12534
446	35922
19	11696
10941	25283
11488	24854
5359	19726
4277	13347
10200	23879
7241	15454
11282	25019
9739	23768
2838	15163
7132	17991
8084	21973
7111	21542
9331	22560
6297	20285
10010	24263
8818	23604
11324	25470
3017	15660
2008	13286
5911	20392
7027	21317
4688	18254
674	11894
1544	12344
5529	19668
5584	15274
2513	14560
9623	13851
1554	12223
259	11602
7414	37192
10860	25082
187	12015
8376	15792
5936	20617
1838	13026
10611	24190
8512	22665
1270	12785
4363	18030
5633	19777
3384	16126
4149	17646
9611	14030
203	35874
2935	22412
6746	36996
2104	13484
9668	37880
4269	36719
7679	37292
8143	22293
11391	25454
6370	20967
3465	15958
8585	23344
10178	24308
3486	16662
483	11866
7080	37059
8408	37771
7899	19029
6619	21138
6868	37018
1154	12728
9057	22549
4571	17956
806	12178
6484	21044
7745	19720
6283	20570
1895	13052
9899	24243
3002	15315
3767	17017
35	11710
7831	21661
6249	20281
5013	36773
5043	19584
8445	37774
5638	20042
10796	25038
3798	17223
4211	17606
642	35966
1756	12190
6718	21196
312	35831
5550	15647
4615	18175
9191	23134
8305	15749
10816	25052
4959	19272
11029	25236
10145	24293
2633	14127
10715	24577
2625	14415
8057	22129
6548	21088
5236	19343
3686	17179
5697	20068
6791	37006
2601	14202
3013	15648
4261	17666
2957	12034
7025	21488
9325	22560
4731	18328
6495	21052
7854	21793
9896	24243
3439	16015
2113	13646
3510	16730
3961	17093
3112	13936
2318	13997
10664	24196
10908	25344
6032	20415
2151	36882
7753	37349
10935	25278
1583	12831
2081	13468
11401	25005
721	35987
2279	36410
1319	12406
11355	25327
6719	36986
6787	21225
10069	24252
10366	24390
4325	17722
6334	20957
3951	16905
6118	20216
10800	25034
729	12061
5284	13247
829	12164
4359	17479
1898	12966
7396	17427
8694	22830
6094	20206
10955	25299
179	11555
742	11907
5792	19826
4523	18438
5617	20031
2345	13998
6383	36956
7209	15449
9476	22561
11283	24948
3480	16662
4661	18687
1636	12362
8269	23177
8733	15439
7242	15454
6820	21399
6711	21192
2118	13486
8522	37791
5830	19812
1488	36071
344	11596
9502	22561
2462	14238
1811	12268
1966	13071
4083	17580
1137	12445
4425	18077
3955	17300
11480	24853
9498	22561
8099	37446
5481	36328
1962	12913
1567	12560
11061	25426
2543	14167
8551	23312
8343	15757
5970	20645
669	11660
6608	21171
10875	25097
750	12077
5779	19793
2611	14183
2983	15663
1058	12852
2407	14426
7751	19836
1464	36077
41	11710
9343	22560
6259	20281
2812	15487
7061	21320
1980	13284
9525	22561
2859	15268
8700	22487
8845	22962
8976	22532
4729	18277
1187	12480
3512	16730
6139	20490
4854	35859
10421	24482
2223	13688
2823	15478
5131	19403
2662	25108
4961	36813
7836	37380
2025	13185
5934	20392
1361	12512
1580	12831
5915	20621
10708	24528
6348	20951
1057	12876
3506	16781
8372	15912
4348	17479
10911	25254
7150	37132
8944	23733
3363	16146
8885	23686
4551	17951
8142	15729
7096	13891
10984	20451
9560	23160
8483	22447
1789	12202
5658	19782
1168	12310
9492	22561
10595	24190
2383	13448
8498	22663
8181	37389
1014	12662
8243	37621
340	35883
3585	16690
4331	17547
8739	15437
10367	24390
3354	16479
6168	20264
573	13325
54	11726
7504	17997
5582	15274
5230	18860
4786	18337
6318	20301
2194	13530
7258	37163
8294	15746
1104	36158
2273	13941
8643	22790
273	19586
4625	17839
9542	22565
4899	19001
3893	36546
3428	16187
9692	15738
702	11884
1123	12716
9029	22538
2358	13579
467	11626
11097	25244
9518	22561
2456	14238
9567	23824
11188	24926
6215	20528
4537	18650
6467	21020
9347	22560
4189	17506
3509	16730
2890	15592
2496	14512
10088	24253
9076	23106
6184	20802
9719	23768
5771	19800
276	35807
11075	25179
2027	36368
10541	24190
4419	18071
7373	17409
6949	37082
9526	22561
6436	21003
5999	20667
7168	15713
4098	17495
126	11765
1067	36091
3582	15865
10127	24302
3850	16808
2290	13745
4442	18015
10851	25060
3589	16696
1796	12190
4676	18835
5668	20061
5859	19815
8154	22286
5328	19951
7090	21323
760	12073
1241	12498
1490	12284
831	35995
5425	19985
10575	24190
3892	15245
8270	15885
4492	18106
756	12075
10126	24302
4761	18710
320	35837
1266	12783
11382	25316
8867	15442
2675	14207
6218	20281
3912	36690
1644	12357
2818	15478
3846	17064
1564	12557
7581	21749
4693	18396
4994	19159
6399	20979
4018	16907
7423	17748
2549	14330
4716	17918
2564	14345
2375	13822
3128	15092
5266	19922
9360	22560
9925	24249
9046	23097
5504	20007
3985	16905
9237	29147
8152	22058
839	12087
1781	12257
4774	18348
1824	12190
3441	16210
9350	22560
2463	14238
2360	13579
8677	22813
11269	24966
7375	17413
10315	23923
9675	37884
3569	16683
2006	13286
5570	15269
6897	37036
11072	25174
2100	13436
5537	19773
6108	20361
4840	17839
2484	14243
1121	12722
3248	16354
16	11602
5930	20621
1784	12202
5995	12136
3404	36653
4753	18306
4898	19003
9463	22561
1397	36041
2940	15627
5786	19806
8627	22775
5412	19973
9314	22560
8500	22663
10445	24152
1202	12443
11045	24869
5336	19740
1991	13304
7112	21355
2009	13286
4147	17649
593	11834
4148	17649
9750	35926
5738	20104
7868	21827
10490	24190
7144	21365
8171	37417
2853	22068
972	12641
7419	17742
4022	17326
10334	24356
4006	16911
120	11762
6551	21088
6865	21448
6726	21199
10845	25078
6874	15787
5036	37535
1750	12190
893	36008
5527	20015
10638	24190
1546	12220
5526	19668
3859	16877
8639	22782
7042	21318
2936	15621
9517	22561
2821	15476
2252	13711
3861	16879
2533	14106
6485	21036
2669	14071
9023	22537
11289	25022
4824	17839
625	11888
3806	17047
6312	20301
6007	20675
3573	15865
3409	15323
9945	24244
7133	18473
7458	21649
11416	25405
2509	14544
2875	14999
4717	18302
8017	37432
3259	16070
7819	21664
7602	20405
1347	12313
2931	14757
889	36008
4401	18041
1793	12190
8567	22457
6300	20289
6425	36965
4765	17918
38	11707
58	11946
8788	22908
4091	17587
10680	24197
4508	18596
5136	19124
6225	20539
4357	17479
9537	23143
4823	18646
6404	36961
862	12094
8014	15839
9487	22561
4864	17134
4249	17657
3031	15660
5071	19313
6011	20675
1098	12705
242	11786
5448	19843
5177	19438
11499	24851
5722	20078
9327	22560
7266	37166
6	11938
4024	17326
3216	16598
2715	14406
6875	21308
11340	25327
4546	18199
10997	37919
3739	16838
9113	19571
6432	21007
5648	20049
8420	22595
3586	16691
28	11933
9699	15407
662	11891
4735	18304
1159	12478
2783	14977
8816	22936
3004	15040
3242	16350
11484	25197
5565	19731
9173	23132
4004	17116
11316	25462
4813	17839
8595	22747
10186	24305
9676	37885
4680	18236
4073	17488
412	11613
5099	19469
1147	12728
5337	19740
9682	13847
9851	22102
1163	12478
2482	14243
11425	25316
4426	18078
1835	13023
9454	22561
8634	22474
1591	36258
5222	18860
11410	25405
4659	18829
1344	12313
1218	12487
8462	23215
3931	36563
6015	20685
8169	22092
9553	23149
701	11884
516	11657
10863	25085
10652	24193
10539	24190
8635	22782
1122	12722
6647	21162
8536	22684
8456	23206
4412	18063
11301	24829
4240	36704
3766	17011
8058	14424
189	11784
6596	21127
7409	17740
9072	23102
2590	14192
3360	16146
9696	15754
5884	20120
7046	21490
4803	18371
4045	17333
4350	17553
3666	16949
8931	23058
558	13325
5342	19742
1360	36213
4389	18501
23	11696
8060	15842
4652	18673
4772	18346
5418	19976
8921	23040
2251	36399
4254	17659
10232	23915
11452	25225
2565	14136
6763	21215
4612	18413
6953	21520
11483	25196
4800	18368
781	12186
9296	22560
1880	13126
3140	14977
7397	17424
9340	22560
4563	17952
9056	22543
3853	17077
2563	36466
11405	25005
9898	24243
10536	24190
8882	22994
5116	19297
9136	19575
1323	12201
6957	21524
10758	23768
850	12157
1364	36218
8812	23596
5244	19009
7548	20758
8886	23690
4301	17532
6614	20987
4124	17771
125	11765
7527	37265
1318	12260
2997	15675
5225	19239
947	12624
1887	13040
7598	36898
8689	22824
9978	24247
8011	15155
554	35899
10523	24190
8646	22790
7758	37215
3610	11980
3197	16042
5544	19768
2332	13831
3144	15098
3075	37451
735	12062
5480	13238
4723	18698
4040	17133
9339	22560
931	27175
15	11941
3341	16449
4408	18047
503	11869
6488	21039
4392	18025
2746	14071
1889	13040
5562	19773
3867	16808
37	11942
3210	16058
770	11918
341	11791
9390	22560
8913	23037
9679	37888
8393	15799
10453	24190
7462	37188
9643	24580
8474	22638
9293	22560
359	11995
4780	18355
7255	37176
833	35991
2934	15622
4377	18027
11009	37923
9212	23137
10861	25083
1665	12577
5775	19804
6565	21097
8591	22753
11372	25307
5078	19311
2161	13500
6798	21388
4070	36742
384	11803
11176	25348
9604	37850
5188	19320
8346	15907
8919	23038
3226	16097
6351	21262
5817	19834
10727	24176
8710	22488
2429	14094
5290	19736
9107	23127
7097	21538
9086	22551
5343	20003
5804	19810
3355	16474
8350	15750
4017	36693
4302	17691
10865	25087
744	11907
128	11765
6909	37037
7021	21484
10656	24193
1982	13282
10185	24304
7608	20709
556	13325
1689	36276
17	11696
1431	12597
8604	15433
2779	11617
1797	12190
10152	23865
1985	13185
7116	37104
10510	24190
2119	13487
11060	25425
3178	16042
7557	20609
8314	37674
10251	23905
1027	12465
3114	15058
5402	19973
9879	24242
5636	20039
5262	11992
3700	16953
8170	13019
686	35972
10697	24226
1190	12480
6314	36883
5129	36797
11344	25317
1358	12511
2175	36388
9031	22538
6553	20980
7785	12413
396	15547
10172	23885
11333	25327
199	11780
11110	24889
5987	37592
4686	18680
6113	20365
385	35901
1365	12518
11530	19661
280	35810
2734	15158
5723	20082
1342	12313
11171	25366
9195	23134
253	11781
3748	16845
6630	21146
3680	17176
5385	19915
5190	19213
2439	14170
5589	19666
1126	12725
11362	25442
6129	20496
9344	22560
9186	23133
8442	22609
3504	16776
121	11762
1199	12443
6847	21432
7207	15110
10168	23881
10281	23814
1346	12313
1926	13079
3630	16861
198	11778
9711	23768
4991	19133
5983	20224
9189	23134
9530	22575
11139	24863
4048	16916
5611	20031
5703	20071
9356	22560
9021	22537
9143	19577
1993	13288
9527	22561
11048	25223
1286	12789
3313	16103
6840	21428
4283	17681
8395	15919
2250	13682
3301	16615
4449	18018
7356	17379
1504	12330
1950	13216
1225	12498
10657	24193
4706	11729
5695	20071
3262	16378
5744	20104
9117	19571
775	11918
9645	24581
2518	14558
11100	25247
3688	17179
10059	24250
5174	19588
6251	20762
1964	12895
2404	14735
1996	13291
615	11844
3897	36550
9061	22545
5660	19783
1081	12672
3324	16427
9037	23097
1462	36077
9479	22561
594	11834
640	12053
2289	13948
3769	17212
5246	37542
8384	15796
8071	22031
10884	25106
6028	20681
9224	29145
6680	21173
2049	13588
2705	14080
10144	24293
7293	37177
6384	20883
1429	36035
10639	24190
6116	20215
5845	19812
5499	20003
3364	16129
768	12082
8104	22123
7183	37074
11091	24874
3415	16497
9118	37827
5461	13245
9315	22560
8749	23521
4954	18988
10803	25049
1577	12831
1496	36222
7443	21855
7157	21289
851	12096
2798	15283
7798	21725
2685	14080
1529	12338
1184	12480
9335	22560
1441	36053
2969	15730
6679	21176
1611	12539
5205	19509
2146	13494
5123	19476
3455	16228
135	11580
2536	14113
7747	19720
10711	24549
3849	16808
8340	37729
4766	11555
80	11959
337	11790
8846	22962
6340	20879
9669	37880
6529	21071
3386	16129
10682	24211
8101	15846
7130	18476
8975	22532
5395	19958
4906	19147
6092	20346
11010	20457
3539	16680
6893	15896
6131	20264
8868	37819
2505	14280
2930	14441
4351	17554
1436	36060
7765	21649
6767	20947
2680	14459
8067	22166
8315	15412
6708	21188
6743	13860
5898	20377
6496	21045
6982	37045
2589	14144
4163	17641
5220	36778
10868	25089
3095	15361
3069	15048
1503	36224
1470	36077
11397	25454
3819	17055
5240	19277
3792	17224
4958	19270
10351	23790
10285	23814
3520	16736
4243	36704
491	12028
610	11825
10807	25042
2301	13750
6900	21457
5298	19937
6821	21297
5714	20078
5258	19733
3847	16808
7110	21541
161	35864
1831	12190
4644	17971
3548	16680
1079	12672
1149	12728
11353	25327
7056	13132
2945	15624
9060	22545
11411	25405
5160	19456
7825	21664
6423	21000
6858	21299
2938	15622
7176	21567
5894	20381
6572	21107
6956	21524
5943	20392
1100	12705
8049	21890
1238	12771
2060	13595
6372	36952
4502	17865
2677	14209
2274	13745
10795	25030
3813	17240
3228	16098
6417	20996
6894	21306
1382	12316
6114	20218
7051	21323
2393	13452
725	11896
4540	18194
10450	24172
2445	14578
8908	23026
7950	17811
2490	14101
6732	21203
9012	22536
8900	22517
9499	22561
8589	22740
9585	22572
8711	22839
8963	23087
3389	15988
5366	19907
1805	12263
7537	20767
10514	24190
10111	24275
2224	13532
506	11654
3790	17038
5942	20392
4695	18396
2650	14173
7	11702
6944	21512
1505	12330
7811	21754
8923	23042
137	11580
5194	19090
3617	11982
550	13325
10468	24190
4385	18031
1135	12445
8267	15738
7932	17809
7363	17343
479	12040
989	12655
3238	16070
3275	16076
2494	14101
1029	12667
11055	25223
10882	37895
11166	25361
5972	20648
9309	22560
5814	20112
9375	22560
3894	15244
5492	20066
10175	24308
4500	18123
704	11884
8085	21967
852	12154
159	35869
5491	36337
5300	19937
5320	20142
5586	19773
7791	21716
5728	19792
1556	35788
8119	22082
8736	37817
84	11960
8987	22533
3743	16988
2239	13705
10671	24197
3295	16094
7736	19720
5035	37535
9328	22560
6307	20578
9693	15742
1976	13280
2320	13994
8475	22638
1227	12777
9179	23133
9420	22560
11331	25322
11259	25303
6072	20324
1587	12571
11082	24844
1943	13207
10290	23822
4199	17602
991	12655
6698	21186
10383	24063
4725	18298
6062	20601
10837	24796
607	11630
6097	20203
6728	21205
9386	22560
5175	19383
8411	22587
8768	22887
2769	15545
3373	16132
8245	37561
9404	22560
1414	12282
10679	24197
4477	17840
1172	12310
8202	37393
2337	36422
4621	17839
8174	13164
4775	18351
2011	13185
2020	36367
9310	22560
9004	22535
9588	23168
2115	13647
7576	37270
1912	13063
11207	25002
8211	20695
3620	35850
5732	20086
10482	24190
1324	12202
5321	20145
5255	19733
5319	20141
4561	17952
3676	17173
10667	24196
8188	37396
7194	13854
6202	20281
11116	24889
6775	21219
6704	21186
7148	21289
1879	13129
8497	22663
5124	19614
4759	18308
10477	24190
10603	24190
1091	12474
2929	14444
2643	14163
3199	13593
4611	17949
6934	37081
9387	22560
3445	16018
2975	15302
3544	16749
7685	37311
5741	20104
2562	14564
235	35871
1693	36276
8327	15754
2188	13532
258	11602
10735	24512
7245	15114
9572	23163
416	11613
3401	15988
11146	24943
5423	19980
4043	17138
9105	23131
3670	16949
3256	16070
5158	19304
9664	37880
597	11834
6048	37580
9051	22543
8426	22595
11107	24889
5709	20073
348	11598
1958	12924
10602	24190
155	35869
7127	37122
2101	13484
4162	17641
4506	12073
4366	37184
10591	24190
7532	37269
150	11603
5866	19682
11230	24987
1650	12834
11213	24995
6940	37081
3782	17034
8508	37787
7226	15821
153	35863
2179	36389
8911	22531
11503	23779
4079	17489
3297	16407
8476	22642
3422	16502
10459	24190
4910	36761
53	11949
4923	13351
2282	13967
3857	16853
11296	24834
10227	29191
6701	21183
11003	20453
7759	21649
6850	21436
5413	19978
7229	15825
2647	36949
4744	18286
11001	20453
4192	17499
3791	17047
6508	21054
256	11605
6191	20721
2756	12017
3652	16855
7901	19029
11164	25360
3565	16752
8079	21961
6457	36973
1480	36078
4866	17134
8520	37788
7288	16032
5834	19812
4296	17687
1109	12709
1373	12325
10526	24190
6516	21058
10653	24193
4381	18031
3702	16954
5271	19925
1074	12686
5373	19911
4820	18386
290	11953
10476	24190
4399	18037
1891	13040
3385	16137
11300	24830
3496	16771
2928	14436
6804	21383
3456	15958
10881	25102
6837	21422
1060	12852
5889	20118
3765	17011
11122	24837
9615	14032
9304	22560
10454	24190
8645	22790
774	11918
4005	17116
488	12029
2486	14090
1856	13129
2841	15158
3225	16100
2552	24952
2799	15290
6733	21205
553	35899
7005	21471
576	35900
1861	13129
3541	16671
6279	20575
11323	25470
7450	21857
10458	24190
3517	16736
10929	25271
10180	24308
9071	23101
2457	14238
9600	37848
6546	21083
11328	25322
2710	14227
4489	17839
7871	21827
7170	21330
6876	21452
10922	25265
9103	23125
3992	17106
3612	11982
362	35886
2084	13471
8730	23485
4666	18249
2850	14992
7551	20764
7125	18476
11388	25454
3725	36680
2793	15148
10063	24250
5059	19507
8722	22847
10398	24468
3815	17241
9706	22433
409	11613
6079	20340
6540	21078
4793	18832
6499	21048
4288	17787
2688	14219
8136	22197
9367	22560
2642	14163
9594	23174
1371	35776
7392	17348
9395	22560
9174	23132
10357	24388
2507	14541
8640	22782
10511	24190
4721	18698
789	12115
1867	12946
10211	23877
8263	22120
9435	22561
9282	22560
2879	15586
1593	36261
6123	20374
9698	15407
663	11891
8615	22758
2128	13656
5960	20640
6490	21041
1032	12667
1036	12667
3696	16965
5716	20082
11430	25460
10621	24190
8607	37814
6590	21116
22	11602
3241	16350
4266	17674
4118	17781
11186	25385
653	35976
5109	19299
2560	14349
6693	21177
8559	22706
8306	15412
5355	19726
9908	24261
2122	13651
3447	16228
6016	20672
5774	19803
405	35902
4400	18038
8252	37485
2268	13717
6255	20281
6604	21128
8009	15839
4732	18304
6038	20417
7408	21697
4471	14338
400	11606
4768	18351
11377	25316
4581	18416
3818	17051
677	11894
10297	24319
9650	37879
3296	16406
11363	25443
4631	17898
10792	25038
6390	20885
10943	25285
445	11633
3729	16988
3712	16958
8550	23308
9702	22433
9146	37838
8126	22206
4830	18460
6121	20372
1359	12516
2632	14071
4380	18031
5253	19733
4121	17775
8724	22860
6576	21104
9187	23133
3073	15465
8766	22891
10499	24190
5796	19826
5288	13247
2030	13864
7826	21630
7000	37039
9430	22561
8518	22672
1293	12798
3958	17308
694	12046
1668	12577
1855	12939
692	11872
5823	19680
1115	12713
5571	15269
4223	17514
837	12087
738	12066
4352	17555
4404	18512
10261	23906
10548	24190
10565	24190
3677	16819
527	11649
8229	20470
9642	13584
11187	25355
4996	19199
10209	23879
672	11660
9026	22538
4292	17682
736	12064
6461	13856
10396	23801
1035	12667
438	11609
3292	36646
7525	17997
4226	17760
8086	21955
3493	16718
9721	23768
964	12637
9334	22560
1945	13320
4622	17839
8464	22627
10841	25078
3515	16733
2555	14127
11268	24818
87	11961
4411	17855
2771	14977
11229	24982
2338	13771
6276	20569
1581	12831
2384	13448
3817	17051
2817	15487
6200	20786
6616	21138
10328	24355
912	30871
4566	17953
5962	20395
9841	22360
10876	25106
214	11789
7934	37487
1186	12480
5496	13196
7558	37272
7354	17401
8360	15790
5705	20078
5464	13241
507	11654
1850	12939
5575	15274
9439	22561
9651	37877
10977	37907
10332	24356
5173	16230
9987	24265
1207	12443
9715	23768
7980	37511
494	12033
1545	12344
8514	22667
4872	19386
2206	13682
5536	20162
1830	12190
7853	21793
3397	15988
1901	12913
9648	37879
3350	15992
3607	16702
2157	13680
11531	22559
7589	20787
10013	24263
11338	25323
2749	12013
8852	23625
723	11675
6362	20963
11081	25176
9665	13315
10623	24190
477	35948
650	35973
963	12634
6197	36903
8515	22668
274	11566
4075	17489
10432	23828
7777	19020
355	11795
3025	15656
4518	18575
11063	25427
7370	17469
6929	21509
4196	17602
3658	36675
8758	23545
8159	11555
4549	17951
7465	37188
10883	25103
4594	18428
1194	12734
8332	15779
658	11891
836	35991
5626	20037
7877	21842
5296	19937
2498	14511
11183	25356
1758	12190
3138	14977
6877	37023
5427	20150
1716	12257
2331	13828
954	12631
9273	22560
9206	23136
10255	23911
1250	12764
11237	37934
8496	22663
8778	22902
10858	25080
4297	17687
3828	17073
7976	22258
2421	14420
3446	15958
9878	24242
1924	13074
2335	13771
3332	16434
3646	16850
11417	25405
7582	21752
7353	17401
6521	21061
9462	22561
4567	17953
6335	20879
3674	16980
8824	22937
2748	12017
3413	16148
2160	13499
2819	13930
7776	19024
3330	16438
2576	14136
10625	24190
6922	37075
2136	13660
10576	24190
10755	23768
9477	22561
2556	14127
5533	19753
5208	19628
847	12089
2704	14080
2796	15284
1517	12528
10923	25266
8324	37695
8337	15416
6247	20281
1161	12478
5482	36329
1379	12325
3211	16343
8888	23698
7484	17997
6517	21067
2040	13869
4619	17839
10921	25264
2862	14999
2074	13466
6385	20972
4655	18209
7966	18759
5026	19209
5905	20381
2230	13701
4568	17959
5798	19680
1954	13014
2648	14203
9948	24262
1390	12283
3636	16864
3294	16405
7389	17348
9478	22561
2847	14735
8112	15016
6027	20681
2671	14204
5155	19483
10776	14574
10887	25337
6863	21300
2587	14144
777	12181
9949	24262
3202	16595
10350	23928
5232	19343
7681	19859
11460	25235
9132	19575
5847	19812
3954	17299
10821	25055
3093	15125
3591	36673
6527	21067
8389	15927
3727	36679
740	12066
10627	24190
8763	22885
6859	21595
5436	19988
1151	12728
2300	13836
9640	37877
2586	14144
6907	21308
10799	25033
7203	15110
9504	22561
4106	35780
5777	19806
11471	25190
5629	19777
5170	19340
5095	19465
9383	22560
5352	19726
522	11657
5215	19101
2672	14209
1047	12846
352	11597
10894	25334
6653	20991
5925	20389
10831	25072
1925	13075
1881	13129
4253	17666
193	11587
902	11555
1372	35777
11167	25362
9968	24264
5888	20171
10635	24190
4843	17839
4762	18323
2225	13518
7530	21866
6961	21525
6366	13447
2894	15236
3590	16696
1320	36011
10740	24174
7764	37369
353	11605
9654	24733
5743	20104
5609	19779
5027	19209
8964	23088
1709	36278
2820	36520
3697	16966
7784	37361
6099	20212
3239	16350
3191	16053
2864	15180
11350	25327
8728	23475
2262	13918
1893	13041
8495	22663
6266	20281
3983	16905
7138	17991
10556	24190
5961	20641
9728	23768
6585	21119
5956	20635
8765	22885
2989	15668
3334	16438
8530	23250
1208	12487
8571	22725
7262	16245
5437	19989
9629	14034
3474	36658
11272	25491
6501	21052
8534	23270
2348	14001
2413	14433
8767	23550
567	13325
3414	16149
11094	25240
5948	20395
10174	24307
10394	23827
10786	25038
442	11633
4450	18019
9265	37846
6990	21309
9362	22560
8611	23354
5213	19519
7755	19720
4116	17779
6602	21127
295	12138
4623	18630
11132	24903
5854	19815
11485	24853
9700	23768
4318	17550
1398	12422
9928	24267
74	11959
10654	24193
5618	20031
10449	24169
2103	13639
3312	16110
1801	12190
1765	12190
3108	15715
4764	17918
519	35960
9584	13206
371	11803
3703	16954
2258	13915
1664	12577
1400	12422
9175	23132
11245	24975
9359	22560
9287	22560
241	35876
3998	16905
9709	22433
5249	18860
1478	36078
10266	23876
5260	19733
2855	14992
9041	23097
6019	20677
3856	16879
3339	16447
7297	16761
6539	21082
7981	37504
3443	16014
9914	24243
4545	18198
7312	37190
8842	22962
10952	25297
2765	15391
4760	18313
794	12171
2527	14101
5297	19937
7020	21483
9402	22560
8123	15231
1953	13013
5897	20376
7812	21754
8210	13120
6182	20281
6984	37046
4293	17683
7324	17432
3258	16060
4879	19220
3774	16853
2689	14220
7743	37358
11035	24874
1315	12254
10415	24480
6592	21119
4696	17939
649	11880
6942	21510
2902	15237
5410	19971
8988	22534
7189	37130
1002	12657
5143	19482
9228	29149
451	35923
7793	21713
5098	36827
2042	13588
10834	24796
5309	19939
6581	21108
5191	19094
3555	16677
4794	18337
7601	20400
4714	18292
5505	20004
3006	13778
4208	17604
3742	16988
2723	14167
3500	16775
10885	25106
8697	22483
4741	18282
2918	15257
6135	20480
4601	18430
6943	21511
552	13325
11390	25454
1822	12190
10637	24190
2385	19529
5439	19747
9596	22573
5374	19911
3647	16870
11447	25212
5937	20390
4585	17959
8477	22639
43	11949
8417	22585
2124	13656
1089	12676
3327	16431
741	12066
9998	24245
1477	12210
10506	24190
9171	23132
7561	20609
1003	12657
783	11924
7696	19881
6434	21001
566	13325
5495	13196
3780	16853
3482	16713
8799	22501
4238	17626
11420	25316
4749	18306
6969	21346
158	35869
10567	24190
8487	22652
3344	16645
5753	20104
6627	21141
9067	22545
6779	37003
1328	12807
4247	17656
9561	23157
8465	22638
6315	20299
8469	23227
9718	23768
5456	36341
123	11765
843	12093
6932	37081
8248	21867
9926	24267
9743	22433
2306	13989
487	35943
10978	37907
9993	24265
3036	36588
7676	19858
3905	36549
9538	23141
1526	12338
3107	15720
10986	37913
9040	23091
7894	21849
11057	25223
6463	21016
7539	20767
5192	19088
9989	24265
11342	25327
3282	16610
10677	24197
7955	37486
1620	12532
9364	22560
6738	13860
1582	12831
6211	20281
107	11737
6870	37019
10962	20731
3368	16127
10931	25275
8370	15792
5223	19225
3554	16677
6455	36971
8787	22910
2641	19437
4811	17935
1117	12719
641	12052
10789	25028
2171	13222
10559	24190
9000	22535
4430	18083
1295	12803
4855	35859
6582	21109
5637	20039
206	35851
7024	21488
4127	17766
3631	16862
10661	24196
10481	24190
10676	24197
283	11953
4200	17602
8454	23198
6520	21060
10843	25078
11136	24866
6899	21306
4603	18434
4175	17596
327	11605
1463	28900
7048	21497
11330	25322
4987	36770
8322	15751
6169	11555
10429	23812
2598	14200
5781	19796
10905	25341
3154	16555
4514	18575
10441	23848
2673	14205
10164	23890
9853	22102
9312	22560
9209	23137
5863	19681
2022	13313
9670	37880
9443	22561
616	11845
1951	12924
9168	23132
5756	20104
1645	12357
9852	22102
9272	22560
11050	25214
9892	24242
6629	21143
5130	19477
5548	15024
5251	18860
10729	24176
9673	37882
3568	16682
1456	12593
7771	19247
5540	20160
5046	19399
8135	22201
7259	16239
5809	19830
7742	19888
122	11584
9235	29145
4210	17610
8613	23360
10245	23911
7181	21505
10926	25269
2240	13720
5219	36779
4206	17610
8419	22447
1343	12313
2937	15622
6025	20678
1999	37382
7347	17343
4605	17839
3628	17004
2827	15503
1721	12261
6808	21388
1555	12221
2371	13817
1764	12190
7896	21849
10643	24190
439	11624
9172	23132
3930	36563
246	35872
6502	21049
3549	16680
4367	18022
6855	21439
3235	16362
3219	16058
4505	11971
2664	25108
7512	18363
4726	18302
11384	25316
525	35936
4451	17844
10194	29209
1010	12659
1350	12511
3641	16850
47	12132
9219	29140
11395	25454
9686	13584
7481	37222
5025	19210
5259	19923
10435	23830
299	35823
3379	15905
7211	37156
8077	21998
2233	13700
11203	24995
9644	24581
3246	16599
7603	20405
2409	14426
5680	20061
4852	35859
9409	22560
2702	14080
9391	22560
1171	12721
428	11805
5285	13247
3907	36690
2354	14023
1707	12590
1513	12332
6427	13624
10724	24176
10901	25338
3011	15040
11228	24981
11375	25310
6428	13624
10686	24201
5267	19733
1454	36077
7931	37489
708	11666
1739	12366
7004	21475
5903	20381
8716	22841
1028	12667
7428	17748
4078	17489
8837	22951
7714	19708
4122	17768
4618	17839
8903	23028
1574	12565
8648	22791
49	35800
8608	15436
4627	17839
2649	36948
10196	23914
10574	24190
4788	17926
7614	20703
6204	20558
3165	16579
4593	18428
646	11878
6232	20535
4782	17926
5640	20044
8003	19149
11058	25223
9653	37877
5113	19297
321	11734
5403	19963
5842	19812
5371	19911
5563	19773
8978	22532
5294	13247
11290	25012
8271	15735
7864	21802
2548	14330
7718	21736
8998	22534
976	12644
3834	17349
9710	23768
4364	37182
5195	19091
1082	36138
2844	14987
5325	19948
8005	37536
10804	25039
1253	12781
5132	36797
7741	37337
10218	23888
814	12102
5603	19779
9252	37845
267	19586
6287	20589
2973	15302
1763	12190
845	12093
5641	20046
2980	15661
9996	24245
2708	14406
411	11613
7498	18270
5759	20104
4913	19174
7282	15693
5613	36859
5631	19777
8400	15799
5510	20006
4727	18302
8850	22965
10846	25078
3058	15045
6632	21151
8259	22117
6192	20721
10377	24021
6879	21452
2412	14426
4165	13341
2041	13872
10348	23953
6359	20952
110	11974
10785	25038
1292	12795
4524	17869
8538	22695
6802	21388
9617	18734
8563	23329
5115	19134
1826	12190
11092	25243
2921	36580
11073	24844
1984	13286
3963	17094
8779	22897
7620	20703
8612	23357
3915	36690
2314	36427
11486	25198
6620	21136
6464	21017
4322	17541
1169	12714
8383	15794
6443	21015
10674	24197
5805	19810
11496	24846
4250	17786
10294	24312
1362	12513
2373	13559
4548	17887
2946	15627
4248	17530
1813	12212
6717	36985
1553	12346
8510	22672
3503	16779
7018	21481
1722	12262
8186	37397
9388	22560
586	11641
1352	12809
7706	19708
730	12059
2996	15315
3789	17038
1257	12500
1033	12667
5583	20154
4230	17619
8662	22804
5965	20643
9270	37846
116	35867
1239	12495
9216	23137
1182	12612
6584	21111
1979	13283
6694	21178
9976	24247
1520	12528
3416	16000
2606	20857
7334	17408
4135	11693
10438	23837
431	35962
2627	14410
3111	15347
7760	21699
1288	12791
596	11834
4599	18431
10522	24190
2085	13474
5157	19483
8600	15436
10553	24190
8620	23371
6573	21101
5959	20639
3553	16677
2742	14211
8756	23537
5545	19768
600	35931
1311	12254
11177	25349
170	11744
314	35833
1402	12279
4052	16916
4061	16917
7697	37321
10270	23876
5383	19915
7761	21700
1944	12895
5829	19680
7052	13132
1770	12190
2744	14071
10669	24196
6183	20721
2010	13286
310	11958
7050	21323
2974	15302
2072	13606
8849	23622
10853	25062
5165	19449
1078	12672
4394	18034
6306	20579
414	35906
2453	14655
5681	20061
6673	21166
7482	17997
6253	20522
1259	12779
6683	21176
6181	20510
4654	18674
6450	21015
4517	18779
688	11668
1930	12921
7994	18952
5164	19445
1409	12279
11360	25440
6037	20419
6981	21468
5102	19200
7841	21766
11112	24885
6109	20362
10023	24293
1096	12705
9871	24258
10933	25276
6773	21220
4050	16913
3916	36690
5689	20066
5407	19968
7210	37154
2896	15595
9687	13414
6074	20325
9559	23159
4519	18575
9141	19577
10239	23917
2388	13448
7088	21323
450	11633
5435	19747
5708	20072
1786	12254
3034	15697
7317	21649
5252	19733
3979	16905
4758	18307
4494	18098
8353	15761
6172	20510
9112	19571
11370	25305
2840	14987
8741	15439
9521	22561
8725	23461
710	11666
3347	16119
9598	22573
6387	20971
3996	16905
2111	13899
4573	17957
11262	24804
1752	12190
4155	17649
9888	24260
2623	14410
4538	18194
7948	22176
5843	19812
2719	14167
4919	36834
71	11959
2211	36395
10725	24176
4574	17957
101	11970
3523	16738
5042	19397
8080	22005
2355	13809
10866	25097
4752	18306
7357	17378
1863	12913
8075	22005
5239	36268
8491	22463
9571	22571
3649	16854
8948	23070
3071	15051
9613	24193
11440	25212
9707	22463
1596	12569
6744	21207
10628	24190
10934	25278
3925	36690
11498	24849
9523	22561
4384	18031
9932	24267
2764	11806
2726	14124
5747	20104
3064	15051
9533	23139
748	12076
11159	24940
10620	24190
588	11830
5662	20057
10612	24190
4850	35859
3431	16194
1747	12190
11308	24908
9423	22560
8303	15749
3014	15653
11270	25373
7949	37491
10562	24190
1918	12913
9441	22561
8347	15760
3546	16680
2433	14134
6523	21063
10049	24251
8772	22891
8484	22655
6212	20281
447	11623
6141	20491
11247	24991
959	12631
8811	23592
10732	24651
9094	23119
6065	20604
1658	12834
1272	12787
1961	12913
7411	17738
9637	24538
2003	13189
5561	19754
11047	24869
3516	16734
9281	22560
5557	20010
7991	18953
9382	22560
7859	21793
758	12071
6213	20281
3891	15600
3567	36664
7400	17164
5947	20392
6170	11555
10121	24619
9450	22561
4336	17730
7549	20759
11246	24990
8444	37773
9164	37842
8374	15791
7813	21758
622	19620
3695	16965
6402	36959
4488	18115
4355	17544
5535	19668
10533	24190
4597	18429
5813	19834
4969	19178
1501	36223
11465	25185
8022	15835
11195	25010
5577	19668
4378	18031
10467	24190
8492	22663
10899	35898
11079	25174
9011	22536
6031	20415
10650	24193
960	12634
3588	16696
1310	12254
5521	20005
8835	22954
3430	16188
1136	12445
1059	12852
5542	19765
7049	21498
4867	17134
1854	12939
9088	23113
8654	22797
977	12644
6468	20912
838	12087
2759	12019
10754	23768
2658	14173
5761	20109
2315	36428
6836	21421
6296	20292
6236	20535
9636	24559
3596	16697
2535	14113
1206	12443
3839	17362
5087	19596
4740	18286
4372	18030
9267	37846
5404	19964
2657	14173
3986	16902
8644	22788
5907	20381
2782	14977
11358	25448
6261	19562
830	12164
10005	24263
835	35991
2724	14113
512	35955
8055	21940
3885	15600
1787	12254
9384	22560
8250	16220
2493	14101
5017	36775
7438	21855
4291	17687
5645	20047
9566	23823
4586	17959
727	11675
3653	16942
8007	19154
10460	24190
3787	17038
6389	20972
3117	15094
696	11874
9098	18527
233	35870
77	11959
5945	20392
11099	25246
9992	24265
5490	19735
2185	13436
2221	13688
1543	12344
6280	36877
6700	21182
9916	24249
8109	22078
4790	17926
4658	18684
4090	17583
7876	21839
8606	15434
5029	18860
11387	25316
6661	36978
6613	20983
11286	24788
7884	19256
8463	22627
5031	18995
9381	22560
4346	17733
27	11932
1076	12688
6586	21112
3182	16042
6481	21033
6422	20998
7698	37319
5419	19978
2296	14012
3989	17105
5553	19754
2323	13994
10640	24190
9196	23134
4868	17134
5547	19763
1974	13286
10658	24193
185	11784
3643	16850
9271	37846
4785	18832
2333	13570
1908	12974
4104	35780
2114	13486
6777	21225
10966	20446
4542	17884
2653	36480
10822	24792
4802	18369
11444	25206
731	12061
4885	19220
10000	24245
10608	24190
387	35901
10515	24190
3198	16072
4195	17602
5590	19668
11266	24808
3851	16897
10587	24190
7238	37159
1012	12659
1330	12807
10775	14574
11398	25454
2833	15503
11211	24993
5849	19815
6394	20976
4745	18283
1176	12731
5135	12871
7568	20612
10238	23917
3494	16718
167	11583
4029	36743
10543	24190
3825	17055
8275	15738
8660	22802
11106	25253
1140	12445
10296	24317
5684	36860
2854	13728
3936	15019
3023	15660
682	11897
1802	12190
10505	24190
3150	14977
4577	17959
10594	24190
8535	22682
4037	16911
4473	19630
9083	15954
1465	36077
8626	22470
1623	12532
10500	24190
10820	24792
1237	12771
9259	37845
8034	37589
7444	21857
6338	20959
7756	19720
10496	24190
2887	14977
10636	24190
8797	22919
8059	22068
6823	21406
9231	29141
8095	15854
2035	13466
1737	12366
7435	37202
10976	37907
10870	25091
726	11675
10260	23906
5445	19997
11064	25429
5187	19320
7708	19890
3237	16070
968	12637
7905	21849
11095	25241
5345	19951
2663	25108
6112	20365
5724	20082
8176	37413
3734	16808
9855	22098
6598	21127
4697	17937
230	11682
8553	23320
8302	15749
8255	37418
8953	23751
8091	21985
9097	23122
1532	12338
8083	21976
3053	13329
7757	21649
394	15376
1666	12577
2608	14156
5773	19802
10456	24190
11260	24816
687	11668
201	11774
2607	20857
9274	22560
3959	17309
9184	23133
11156	25358
7063	21320
3723	16832
10742	23864
6157	20520
51	35801
9734	23768
1519	12528
9016	22537
7436	21697
8054	21949
3086	15468
1812	12268
417	11613
9338	22560
6547	21084
7225	15821
9672	37881
5647	20049
10644	24190
2774	11605
2455	14387
2985	15665
860	35990
6730	21201
10718	24598
9632	24538
6347	20950
7852	21799
724	35985
6686	20929
10557	24190
984	12652
7663	19854
10099	24257
7243	15114
7781	19024
10531	24190
4983	19197
877	12125
4743	18286
4789	17926
10419	24459
8268	15883
8047	20431
5275	19733
8656	22800
3423	16168
6722	36987
1134	12445
1913	12976
8441	23186
2416	14740
7592	20789
7924	17166
4349	17479
3775	16997
5929	20392
2659	14173
6655	21163
584	11836
10104	24275
2645	36948
10730	24176
5573	36854
9850	22102
8103	22255
10817	25053
9018	22537
6238	20281
3777	17011
7547	20757
5524	20022
5896	20381
3810	17238
8783	22902
619	11847
2729	14167
11157	24938
579	11836
392	11613
2874	14999
4001	17116
9013	22536
10417	24099
5707	20046
10403	24472
2460	14238
4949	18994
1114	12713
8875	23663
10788	25027
7445	21853
4557	17952
8855	22971
9165	19579
3717	16832
2193	13530
8614	23363
5806	19830
2411	14426
7875	21838
6714	21196
623	11888
3167	16561
9421	22560
8828	22941
11472	37937
4111	35782
3000	15315
2532	14104
5308	19939
333	35882
2620	14410
9035	22540
7862	21798
2666	14176
5133	36797
2260	36500
10593	24190
802	12171
5007	36759
4776	17839
3918	36690
4982	19937
3604	16657
10950	25299
9720	23768
4427	36736
3731	16932
8574	22725
4042	16911
5861	19815
11198	24947
1967	12895
7010	20366
7716	19708
2038	13868
6398	20979
6115	20368
11135	24866
8703	23426
3763	17205
2312	13755
11400	25005
6947	21515
3542	16672
1706	12590
7990	15826
1062	12852
983	12652
3491	16718
5313	19940
7521	37236
2927	14435
612	11847
8949	23070
1110	12713
3192	16296
7631	20430
5455	36346
3451	16221
2064	13601
6214	20543
9413	22560
8696	22485
2788	15143
6388	36957
5789	19819
1886	13041
6696	21180
9461	22561
9733	23768
2836	15524
8628	22769
2340	13785
4737	18304
6559	21091
8382	15915
6203	20550
8545	23301
2426	14419
7629	20709
2089	13480
2090	13474
141	11579
89	11961
2868	15176
4402	18042
9474	22561
7749	19793
3106	15717
6430	13624
9075	23105
8572	22722
139	11579
4596	18434
11180	25350
4062	16918
4781	18355
70	11727
1312	12254
7236	37160
3655	16810
2516	14554
3980	17262
8069	22174
746	11909
7808	21754
10058	24269
6727	21199
8351	15909
8045	37585
598	11838
3684	17176
7381	17449
10600	24190
7672	19858
10532	24190
2192	13530
617	11847
7477	18129
8051	21934
5877	36865
5384	19915
1773	12190
7383	17421
10478	24190
10025	24293
3410	15958
10173	23887
3143	15243
2898	15595
9203	23136
2261	13918
5317	19738
4685	18679
7725	19854
11197	24950
8860	23644
8528	22684
10258	23907
188	11784
10685	24201
3421	16168
1604	36263
2303	13750
427	11611
1374	12325
5053	19399
4797	17926
480	35954
1660	12577
4806	17935
407	11607
11114	24887
3265	16378
7206	15110
7091	21538
7060	21320
9324	22560
11068	25163
5293	19742
5186	19320
11240	25387
7668	37306
9440	22561
876	36000
2525	14101
9952	24244
3870	36543
7358	17343
7874	21837
7100	21540
349	11605
291	11729
7797	21716
10827	25069
3795	17230
5989	20224
8858	22984
10849	25078
3497	16772
9581	13379
10333	24356
6095	20206
4107	35780
5396	19959
6226	21154
1778	12190
9222	29143
472	11824
10872	25093
6814	21392
3883	36540
4738	18286
8042	20432
4515	18784
9557	23162
81	11959
532	35937
129	11765
6761	21213
2096	13892
1609	12357
4315	17519
6657	13858
3056	15325
9663	37877
6720	21196
7491	17997
3499	16773
8792	23565
10201	23879
2794	15148
2691	14222
1189	12480
2007	13286
1531	12338
8659	22801
10105	24275
5362	19907
1941	12983
8605	37813
1326	12508
3529	16742
4093	36699
1851	13034
10743	23768
5967	20644
1973	12895
3276	16081
7365	17413
10338	24359
11123	37935
2350	14017
2236	13703
6144	20262
2899	15234
6915	21307
4251	17784
6350	21261
2356	13813
1769	12190
1691	36276
581	18717
1348	12313
7490	17997
6665	36982
1890	13057
10430	23812
498	12036
7858	21797
3457	15958
3046	15329
4391	18504
4244	13342
3827	17073
10115	24257
6294	20310
1748	12190
7517	18331
2635	14410
7693	19880
5193	19089
2370	13842
39	11710
10896	25337
7158	37072
3433	16199
7911	21675
10346	23977
5332	19952
7156	21360
9008	22536
7821	21664
6117	20218
8425	22595
6689	20929
2131	13658
10720	24176
6580	21111
5414	19974
10026	23864
4629	18819
5234	19342
11134	24866
1298	12507
3302	16404
7169	21330
6466	21020
2427	14192
3337	16638
4125	17773
11280	24937
9119	19571
1922	13151
1068	36107
11462	25435
3041	15701
9969	24264
6734	13860
8744	23501
5012	18860
7838	37380
2811	15483
6058	20600
8770	22889
2209	13692
8319	37702
3309	16411
60	11726
5377	19911
5812	19831
8687	22823
3380	15905
10617	24190
4227	17761
8795	23574
4674	17839
457	11820
5628	19776
4485	36737
8630	22775
6284	20287
4110	35782
8277	15407
818	12103
2063	13598
8418	22587
5569	19773
6336	20961
1745	12190
5368	19907
1228	12777
3946	17275
5441	19747
1131	12445
5118	19297
5795	19826
9432	22561
10974	20446
3427	16004
1486	12288
2196	13530
9725	23768
3291	16404
1093	12702
2567	14136
6639	21152
6803	21578
7590	20789
3840	17362
10107	24275
5072	19499
3408	15323
9116	19570
3472	16710
2554	14123
5846	19812
11131	24901
1383	12283
1800	12190
8078	22005
3179	16042
7395	17422
10675	24197
3770	17214
2569	14367
5033	18995
2116	13647
9489	22561
4881	19433
11399	25005
2681	14458
6976	37090
6818	21396
2914	15605
2386	13576
4503	17865
8257	22114
7085	37063
10554	24190
7540	37262
4875	19213
1303	12257
7682	19860
11200	24951
2075	13463
5447	19995
6612	20987
4795	18357
988	12655
7184	21503
4787	18339
2907	15243
8762	22879
6322	36920
10819	24792
5051	19394
1001	12657
6305	20296
11475	25193
3771	17017
1139	12445
10388	24063
213	11789
4970	19187
10486	24190
4609	17839
4368	36734
5106	36827
6397	20977
4282	17679
6649	20995
7146	21365
6654	20924
11153	24932
3352	16459
6765	21217
9577	22571
2191	13532
5810	19834
7165	21326
6740	36992
4263	17676
9411	22560
2495	14280
8161	22090
9511	22561
481	12039
1873	12952
6951	21516
5378	19911
2071	13606
9433	22561
8300	37667
2686	14222
9043	23094
10826	25068
8747	23513
6209	20547
2166	13504
11403	25005
3583	16657
9909	24261
194	11780
4977	19190
11441	25202
8932	23723
8902	22519
734	12064
8209	13120
6591	21117
9073	23103
9144	19576
2163	13502
3640	16850
8424	22593
2531	14113
11314	25470
10463	24192
766	12079
985	12652
6651	20989
5566	19731
5386	19915
9410	22560
4068	16808
7083	13144
7903	21846
1588	36256
2470	14251
4682	17839
2629	14410
2594	14200
5974	20398
3956	17304
297	11730
11501	24851
3838	17369
4739	18282
9398	22560
3501	16775
3376	15958
9576	23167
10355	23801
2013	13297
6107	20361
5646	20048
6926	21509
11365	25445
4417	17851
4818	18642
4047	17138
9449	22561
8793	22915
6426	13622
496	12032
9891	24242
691	11874
10253	23911
6898	21306
6505	21052
9101	23123
8529	23246
8311	15409
6663	36980
10095	24257
6621	21138
5556	20009
1844	13026
2443	14192
5307	19942
8304	15747
3278	16378
8618	22768
10717	24591
8564	22710
4564	17953
8951	23743
1842	13026
2244	13529
2220	13684
234	11766
4418	18070
8468	22630
9536	23143
3253	16362
11238	24751
6073	20322
3854	16897
10981	37910
5376	19911
6009	20675
2242	13708
5848	19812
4532	17869
1203	12443
2511	14286
6301	20292
2692	14222
11367	25448
3200	16053
3629	16860
4588	17959
2444	14182
4999	19203
7305	16707
3863	16876
4555	17951
9619	13849
3356	16484
7247	16251
5893	20376
6994	21309
2271	36402
7594	20430
3528	16746
10040	24248
3308	16411
1671	36255
9453	22561
2091	13475
6165	20484
11033	24874
6128	20495
1718	12254
1232	12771
3257	35952
5326	19949
9020	22537
7567	37276
8829	22944
6963	21527
3651	16870
4670	18248
10592	24190
5748	20099
1357	12510
8151	13861
811	12170
4683	18256
4141	11693
3718	16832
6083	20344
2949	15291
2958	15301
10569	24190
6817	21395
2547	14330
4443	18017
1785	12254
3887	15598
3432	16189
11265	24807
66	11717
7486	17997
10991	20449
10057	24269
10709	24535
6924	21562
4871	19385
6764	21216
2610	14202
2697	14217
9162	19578
6545	21085
10878	25412
9451	22561
2676	14209
1938	13000
347	35885
10090	24257
3755	17004
9634	24538
530	35937
4662	18686
2932	14200
5525	20022
8338	15416
3949	17279
2468	14251
7618	20703
6156	20485
2703	14080
10615	24190
10781	26415
6424	13624
10301	24321
4386	18031
4298	17687
2148	13676
2286	13951
7316	21649
6962	21527
4678	18767
10947	25291
8434	22602
5523	19812
7152	21360
2651	36484
9448	22561
6904	21457
6937	37081
5736	20104
7914	17351
970	12641
644	35971
7451	21857
5876	19690
2895	15232
7569	20612
647	11878
8658	22807
9688	22560
204	11774
1045	12874
1095	12705
4407	18045
132	11580
11191	24970
11421	25455
6460	13856
7337	17343
8780	22899
7399	17164
271	35805
145	11555
2127	13656
3531	16746
1708	16416
444	11633
7675	37290
4792	18720
7398	17348
8878	23675
10254	23906
10094	24257
3508	16779
1939	13096
3858	16853
3255	16070
8000	18952
4220	17506
5030	18994
10939	25281
11102	25249
1162	12478
5203	18920
6979	21350
5245	18860
11455	25227
11413	25405
6143	20491
1794	12190
1213	12487
4286	17681
6063	20602
2368	13837
3760	17004
9911	24243
3273	16080
7968	18827
824	12188
6153	20494
9712	23768
5090	19463
7471	37219
2637	14163
2195	13530
10455	24190
2321	13776
9120	19571
4414	18065
2372	13566
4246	17510
5430	19985
3833	17357
978	12644
7429	17748
2492	14101
3362	16146
9607	13847
9681	13584
9506	22561
3730	16988
1590	36257
2994	15674
2510	14545
6531	21069
9951	24244
1148	12728
7790	21748
7833	21630
3580	36672
1788	12202
1000	12657
10448	24164
11438	25460
6125	20216
2529	14101
9934	24249
9856	22247
1037	12667
3522	16737
7329	17343
897	36009
5917	20386
9002	22535
7587	20787
5696	20067
4968	18979
5688	11753
1803	36017
6329	20957
10549	24190
10825	25066
2145	13492
4604	17839
1775	12190
808	12170
4435	18049
5879	19691
10666	24196
3926	36563
6834	21419
5141	19514
6309	20296
1792	12190
4464	17840
10324	24346
4313	17523
304	35828
4002	17116
11354	25327
6550	21088
3699	16954
7167	37070
8539	13112
930	31023
10309	23920
10362	24387
4157	17649
1439	12430
1847	13031
7343	17453
10466	24190
676	35983
356	11797
6281	36877
9416	22560
2183	13436
6403	36960
9929	24267
6154	20488
4382	18031
8124	22208
6138	20489
11490	24860
10426	24073
8230	20466
3059	15045
604	11838
10092	24257
2363	13842
6458	13856
6431	36966
3781	17038
2901	15240
6330	20953
4839	17839
3805	17047
6216	20521
887	11929
5975	12181
184	11555
5610	19672
4082	17489
4437	18051
6221	20538
2065	13601
8276	15738
6662	36979
7182	37073
6896	21460
9182	23133
2767	14977
1305	12254
1516	12528
8409	15421
7244	15111
865	11924
9535	23140
6061	20606
4578	18416
4276	13345
6378	20886
6289	20857
1146	12728
5986	37592
3632	17004
3170	36634
6652	20990
10700	24201
1990	13287
3841	17261
9084	23112
10503	24190
4066	16808
10404	24474
1451	12292
4516	18777
6509	21055
4552	17951
9089	23114
6946	21515
7284	16249
4311	17651
7534	21357
9625	24725
11463	25183
2138	13494
6420	20997
3575	16696
5940	20392
9301	22560
11086	24751
9556	22568
2215	13532
6749	36999
8130	22079
2334	13570
618	11847
1860	13129
284	35813
10142	24302
10125	24302
8249	37463
4440	18017
6538	21077
11030	25238
6797	21230
3762	17203
9068	22549
6132	20480
3261	16378
5449	37545
5112	19299
8378	37744
3205	16334
2716	14167
219	11682
2454	14663
9456	22561
778	12182
1015	12662
5808	19830
4129	17769
3976	17086
10956	20444
1566	12559
1048	12881
10230	23902
7009	11689
5091	36827
6710	21192
8843	22962
6267	20772
1714	12257
9486	22561
8929	23714
2644	14203
11497	24847
6737	36990
1578	12831
10747	23768
1521	12528
10714	24570
7227	15821
7945	17811
10749	23768
2515	14552
11142	24866
5184	19320
9482	22561
9166	19578
5718	20080
8844	22960
1568	12561
1992	13291
3744	16988
10704	24224
5274	19928
11241	24995
5663	20057
8137	22198
2167	13506
3019	13937
6706	21192
260	11602
928	27158
8775	22895
817	12105
1201	12443
4258	17663
8980	22533
8686	22820
6167	20264
7011	37048
9641	37877
5389	19928
533	11849
6234	20535
6845	21430
8432	22599
7752	12541
4989	18993
5664	20061
6795	37010
8884	23002
6162	20474
1535	12338
7642	19708
164	11584
3468	16005
3091	15627
3990	17280
511	35956
11070	25418
3786	17038
7873	21836
86	11961
10949	25295
1613	12539
5040	19580
1514	12335
2893	15227
3213	16341
2706	14227
231	11682
4067	16808
9414	22560
10380	23996
7386	17348
10337	24357
6931	37081
8676	22811
10516	24190
163	35864
8238	21867
3927	36570
2419	14433
11285	24949
10721	24176
7416	17740
8458	22618
8523	37793
3933	15019
8905	23020
5644	20051
2153	13676
7494	18270
5235	19343
7224	15447
9840	22102
11076	25174
9737	23768
3971	17102
9169	23132
9352	22560
1892	13041
2070	13604
3269	16076
11349	37939
2267	13920
10889	25329
5712	20046
1952	13004
7261	16240
6788	21230
2579	14071
3263	16378
3050	15332
6228	20541
11043	24869
7535	21357
7289	16032
2537	14071
6493	21044
7374	17413
11339	25327
2766	15391
6685	20929
3614	12143
6967	21339
11215	24996
6193	20786
4976	19197
2631	14410
1211	12487
7733	20124
8820	23612
9197	23134
6001	20667
2582	14357
946	12624
9147	19577
4504	17865
386	35901
2976	15302
5592	19773
8273	37644
4057	16815
7030	21317
11402	25005
10241	23909
1823	12190
2112	13646
8983	22533
8871	15440
6641	21154
8001	18952
5023	19209
5486	13196
10957	37899
9887	24260
2828	15503
5576	15274
11231	24988
5103	19600
10641	24190
404	35904
4894	19001
8489	22655
2851	14992
3759	17004
6537	21074
9085	22555
10498	24190
11007	37922
9069	23110
10757	23768
8093	15854
5827	19828
4791	17922
9920	24249
9342	22560
8548	22695
8785	22910
9609	13584
7310	21695
2117	13649
311	11958
11439	25460
4319	17548
3964	17097
3037	15325
6583	21110
10354	24384
8742	22869
8533	23266
10012	24263
1166	12478
8968	22529
4699	18399
2956	15312
10629	24190
9358	22560
5932	20392
6364	36950
8682	23409
2609	14202
7455	21857
10646	24190
4278	13347
4733	18304
8253	37622
3040	15329
2757	11808
5793	19826
4496	18092
2390	13582
8809	22929
4108	35782
7319	17444
1806	36022
11150	24946
59	11726
6660	36977
5867	19683
848	11924
6291	20305
4140	11693
1816	36050
461	11618
7860	21793
3464	15958
2559	14350
9264	37846
7015	11689
10854	25063
30	11700
9666	37880
7108	21546
10528	24190
5119	19297
8117	22204
613	11842
8954	23074
8601	37811
6667	13858
10525	24190
4720	18293
5749	20104
1663	12577
1316	12201
8391	37755
5768	20109
3750	17188
301	11731
2991	15670
3672	17173
4260	17666
9444	22561
1300	12310
9015	22536
875	36000
5656	20054
317	35833
9593	23173
3966	17099
8427	22602
8776	22497
3943	36577
465	11618
1235	12771
6712	21193
7321	17387
7187	21574
3336	16119
2585	14138
7012	11689
2808	14987
1317	12260
7113	21355
6776	21220
2387	13448
9010	22536
6519	21067
1120	12722
5277	11729
4718	18701
5729	19523
6352	21263
7281	16551
1381	12316
9042	23092
4369	21852
7219	13647
196	11776
5957	20636
9036	22549
10624	24190
1715	12257
9447	22561
8583	23335
11252	25108
3835	17261
8544	18816
3124	15095
927	27159
3624	16859
10873	25094
4478	17841
6774	21218
5405	19965
5769	20109
6274	20569
1859	13129
9285	22560
10491	24190
10614	24190
9276	22560
2232	13532
4003	17116
7584	21752
10814	24792
5178	19442
4332	17550
1071	12680
1495	12326
7092	21536
4632	17898
2367	13838
8959	23078
9635	24538
10408	24476
5555	20008
4432	18085
1156	12478
2988	15667
2753	12017
6634	21148
11041	24869
8661	22803
8629	22772
9608	13847
8597	22749
8989	22534
9858	22102
7323	17402
2553	14120
11445	25212
8285	15740
713	11666
8499	22661
6369	20967
2201	36393
11005	37921
2451	14641
8621	23375
9087	23121
6082	19560
903	11555
5665	20061
9902	24243
7684	19880
863	11924
7014	12130
2982	15662
10300	24321
3794	17229
7298	16707
3981	17270
5415	19974
9307	22560
4804	18375
9924	24249
8619	23367
5985	37592
11056	25218
9185	23133
1969	12895
6078	20334
5241	19212
10838	24796
2863	15186
10912	25255
9507	22561
7492	37226
6758	21210
4398	18047
2272	13745
873	36002
4354	17727
11464	25184
11467	25186
6643	21156
5833	19812
6055	20606
6637	21151
10890	25330
10322	23790
3236	16351
4620	17839
4560	17952
8089	21985
5372	19911
6849	21434
6742	13860
11069	25165
3403	15695
9323	22560
11196	25386
6948	21520
11357	25327
10167	23867
3937	15019
5844	19812
3913	36690
8318	37685
7362	17343
11217	25000
11105	25253
3096	36585
6024	20681
10165	23867
10376	24372
8918	23051
807	12180
4598	18432
603	11838
4160	17639
10226	23902
2540	14102
4770	18343
9019	22537
9001	22535
2483	14243
7037	37053
5327	19949
7299	37181
4456	18005
4337	17730
5357	19726
10998	20453
5560	19754
8494	22663
10197	23887
7240	15452
4747	18271
8984	22533
2501	14517
3975	16905
5887	20117
3407	36656
466	11633
2807	15475
2365	14026
437	11621
5038	37535
11042	24869
6325	20233
9595	23175
7897	19259
8831	22508
7322	17385
6925	37075
7622	20354
4194	17506
11473	25191
7303	16707
2399	13448
4422	17851
1875	12953
6881	15764
6927	17793
1508	12332
5913	20621
8326	15754
3811	17055
7662	20124
6054	20606
2714	14406
9138	19575
9524	22561
2476	14247
6568	21098
5276	19733
5737	20104
4966	19269
3855	16879
5034	18860
7818	21664
2142	13661
2293	14011
6127	20497
4039	16911
9558	23158
4702	17937
5353	19726
1633	12362
5064	36845
5831	19812
570	35900
10451	23848
2837	15155
6567	21100
1099	12705
5107	19603
1354	12811
9469	22561
7553	20756
9490	22561
7628	37252
812	12170
10039	24266
10284	23814
9135	19574
168	11584
11179	24925
8877	23672
965	12637
2512	14286
382	11800
5500	20001
6754	21209
7311	21691
5306	19768
3639	17011
6965	21338
1935	12997
6552	20982
1399	36042
9907	24261
3153	16038
10457	24190
88	11961
5502	20000
3125	15717
3126	15095
3418	16152
1605	36263
11493	24860
302	19214
8889	22999
6473	21026
9586	22572
8708	22488
7688	37313
11432	25458
1551	19557
6560	20910
1942	12983
627	11885
9601	13847
3714	16981
3214	16338
9333	22560
3270	16368
7881	19028
9704	22433
4964	19266
6570	21100
7391	19034
482	11864
1743	12190
8213	20424
4746	18306
7109	21546
