10022	24293
3687	17179
5150	19306
1157	12478
2441	14177
4231	17620
10141	24302
8560	22455
4920	13351
7779	19022
10930	25272
10907	11739
5388	19727
10024	24293
4660	18685
6105	20212
2616	14190
4973	19189
7175	21566
2016	13313
9255	37845
3852	16891
6867	15787
9459	22561
6752	21207
48	35799
9181	23133
11346	25319
6882	37024
5163	19446
1511	36226
8291	15743
5151	15371
1631	12825
11284	25388
10555	24190
5837	19815
5591	19773
1656	12834
1483	12212
5711	20046
8221	37618
7649	37309
5233	19344
2530	14101
3812	17239
3999	16905
3287	16404
226	11682
6320	20634
4642	18449
9170	23132
4095	17591
6633	21147
6792	37007
10570	24190
1795	12190
8330	15770
8107	22078
5868	19684
11489	24860
3707	16955
5767	20107
3888	36542
6796	37011
8414	22584
10856	25087
648	11878
9982	24247
9345	22560
10844	25078
4074	17506
2488	14101
842	12093
5704	20071
3715	16981
5508	20006
5841	19812
5931	20392
10399	23812
7538	20767
5554	19758
11104	25250
661	35981
154	35862
7834	21630
1704	12590
5323	20147
1523	12528
8693	22827
1367	12817
3524	16739
780	35996
8396	15921
3584	16696
8917	23034
8488	22653
8631	22474
4339	17668
8675	23396
5901	20381
3970	17102
4203	17502
216	11682
1185	12480
9369	22560
10585	24190
10578	24190
10151	23865
8215	37609
6292	20305
3678	17176
8451	22620
3189	16307
7705	19708
6233	20535
6905	21457
8219	37608
2679	14210
305	11958
6190	20805
4038	17133
2903	15243
8965	23089
6089	20344
5878	36866
6220	20281
3185	16042
4812	17935
5950	20634
232	11769
10586	24190
10418	24458
8019	37433
1571	12190
6446	21010
7822	21657
2885	15009
6491	21042
3299	16094
2212	13692
3012	15653
5420	19978
5651	19782
1230	12777
2891	15007
8316	15412
1030	12667
6265	20281
7459	21690
3164	16574
2521	14101
10815	25050
8655	22798
5478	13328
4527	18555
8834	22508
10953	25299
8928	23052
11261	24795
2477	14247
10798	25032
2202	36393
6033	20415
6187	20813
4915	19176
4710	18287
1255	12781
441	11625
9658	24594
898	11555
5417	19978
5904	20381
1541	12344
773	11915
2583	14357
5189	19320
3733	16988
9580	13377
4142	11693
2222	13685
5906	20471
4405	18507
10830	25075
8637	22779
1245	12751
5398	19960
9919	24249
7789	21725
1848	13033
9148	19576
10839	24796
7788	21725
11066	25174
2149	13671
4452	17844
1424	12212
10823	24792
2546	14330
4262	17658
4712	18289
3223	36644
909	30872
1004	12657
9047	22542
10282	23815
5530	15024
5139	19128
9531	23143
1212	12487
10464	24190
10951	25296
2249	36398
4769	18342
11024	20460
4628	17944
1723	12202
7103	37101
5469	13245
7478	18129
10520	24190
3978	17266
9471	22561
3375	16117
9501	22561
1016	12662
1995	13291
1138	12445
2374	13560
31	11699
3371	16129
5341	19742
10706	24521
5909	20381
8924	23043
5858	20090
10428	23812
5694	19788
10015	24293
5692	35823
5946	20392
4756	18315
7104	37102
11373	25309
6766	20861
4447	18085
4139	11693
3045	15329
2832	15142
6525	21065
3543	16673
4719	18293
3711	16954
6262	20281
6786	21225
6136	20264
2966	15307
10483	24190
4191	17498
5980	20661
6780	37004
4198	17600
82	11741
7260	37162
8568	22458
5338	19742
3177	16042
5080	18860
334	35882
5514	20005
9893	24242
3633	17004
3310	16411
6972	21346
8450	15427
3088	15125
5892	20120
1906	13059
11141	24866
3365	16125
10529	24190
7630	20430
3982	16905
2247	13532
7653	19876
5322	20145
10472	24190
9726	23768
335	35880
9131	19575
410	35905
1391	12212
5484	13238
1034	12667
5819	19834
4299	17531
3977	16905
3745	16988
1638	36253
4388	18500
2447	14602
10249	23905
10021	24293
281	35811
1983	13286
6375	16943
7669	37307
11243	24972
9217	23137
1970	13301
4887	19220
8678	22813
2786	14977
4358	17487
7285	16249
2452	14648
3952	17093
5997	20224
2346	36430
10892	25332
2308	13448
3576	15865
2964	15636
5676	20056
1356	12813
9697	15416
2014	13185
2423	14419
1653	12834
1782	12257
7384	17396
7342	17451
3044	15705
3070	15051
4433	18053
9428	22561
8039	20693
9407	22560
424	11805
10919	25263
8309	15408
8610	22760
8825	22938
4484	17841
6675	21168
2602	14451
3001	15317
2573	14367
11101	25248
4295	17685
2110	13642
7279	16249
3453	16009
4428	18525
2079	13467
11392	25454
8549	22706
11172	25352
11309	24905
1988	13287
8050	22086
5105	36793
2050	13588
3845	16881
6816	21394
10046	24248
133	11580
10089	24257
9939	24244
4151	17647
5687	20062
7228	15821
10572	24190
8836	22949
8509	15430
5622	20164
10880	25101
3367	16129
11210	25397
7151	21558
10558	24190
4691	18256
4396	18032
4663	17839
3477	36659
2758	11805
10832	25075
7461	19634
7746	19720
10108	24275
40	11708
5214	19541
11065	25429
9424	22560
763	12082
7750	37341
7171	21571
11492	25200
2696	14217
8927	23064
4406	18508
3823	17055
10009	24263
4565	17953
6106	20365
8437	22603
136	11580
3471	16718
7053	37055
5197	19509
3642	16850
4533	17869
6357	21268
3511	16730
2944	36582
7536	37260
484	11866
6771	20942
3425	16168
9417	22560
590	11831
9548	23151
6147	20494
11491	24855
8016	15832
10436	23831
10101	24275
378	12009
3116	15341
4445	18017
73	11959
5780	19806
1907	12910
4265	17673
8723	22849
7719	37281
2615	14071
6017	20673
6229	20281
5899	20376
6741	36993
9565	23827
10928	25275
5516	20005
9053	22760
3635	16863
969	12641
3460	37468
6543	21082
4314	17519
11125	24839
10932	25278
6851	21436
5788	19826
9158	19579
11307	24906
4087	17583
9039	23097
4924	13351
5333	19953
2987	15874
11037	24875
718	11683
826	12187
1443	36052
804	12180
10192	24329
6544	21082
10537	24190
6321	36922
10473	24190
4700	20064
3009	15040
10605	24190
3331	16434
4951	13408
4755	18281
2754	12017
2961	15312
1809	36023
5056	19395
8872	15442
5501	20003
7946	37495
6243	20281
7160	21330
2165	13503
7106	21540
5726	19792
8738	15439
7965	18760
9846	22102
8823	22940
6825	21404
4146	11693
32	11698
10544	24190
10138	24302
4100	17593
8087	21980
10079	24253
2986	15674
2446	14387
9723	22433
9954	24244
7028	21317
5256	19733
1963	12913
2806	15031
9220	29141
2763	15391
2872	15551
4734	18304
6878	21452
6638	21162
6201	20786
9849	22100
4212	17607
10774	14574
3370	16129
7982	22261
9446	22561
7878	21840
9251	19569
2015	13189
9590	23170
11449	25212
1197	12741
8334	37723
2668	14174
10898	24898
1395	36041
5248	18954
2789	15148
7907	21675
6770	20942
762	12075
10751	13584
10493	24190
4420	18072
3316	16104
4113	17776
10607	24190
7580	21752
8815	22929
1165	12478
849	12086
5850	19813
8636	22777
5279	19928
292	35817
4027	17328
528	35937
5871	19648
5655	19955
2228	13532
6533	21071
9394	22560
6066	20606
3488	16718
5196	19094
6998	21309
4819	18641
10507	24190
2523	14283
8649	22792
9473	22561
9606	37851
6688	20929
4273	36721
514	11859
3648	17036
7687	19878
4409	17855
7422	17744
176	11742
4280	17677
11189	24921
5515	20005
6793	37008
6122	20373
6588	21114
10372	23801
6219	20281
3172	16235
5885	37562
9079	23110
541	12025
1900	12969
2414	14428
894	36008
4069	36743
2029	13185
4144	11693
282	11951
8404	15803
1418	12282
4237	17624
10339	23972
5799	19810
2682	15218
6003	20670
9139	19574
3778	17017
7205	15110
9528	22561
1106	12706
11059	25429
7998	18952
10235	23915
10597	24190
10414	24477
8010	37438
9336	22560
263	11602
10794	25029
11406	25005
9649	37879
5344	20143
114	11762
4270	13343
2172	13226
10960	37902
2849	14988
7136	37129
1412	12435
6245	20281
2134	36385
8467	22629
9372	22560
4576	17959
5840	19812
10007	24263
9466	22561
8943	23070
4193	17500
2295	14012
3039	15045
4668	17839
160	35864
4480	36731
7613	20709
6955	21521
548	13325
5433	19747
8428	37772
9003	22535
3485	16767
2861	14999
609	11847
6822	21400
6750	37000
1635	12362
1972	12895
3945	17279
5432	19986
5331	19740
4553	17951
10752	23768
10220	23891
3035	15325
3625	16997
9114	37827
4690	18683
9178	23135
10136	24302
10527	24190
7126	37120
7058	21500
7432	17748
10688	24223
10416	24109
1649	12357
2568	14367
5690	20066
6449	21013
11429	25316
1607	12573
6697	21180
5953	20634
11374	25310
8851	22966
2947	15627
10900	25344
517	11855
5063	19118
3490	16718
10397	23801
10958	37900
1080	12672
449	11633
10862	25084
1497	12327
786	12110
816	12109
190	11784
4606	17839
5125	36796
11244	24973
1828	12190
4667	36749
9684	37889
1642	12357
2550	14330
2077	13466
823	12164
6462	21020
8705	22487
2269	13536
8155	22087
20	11696
10750	23812
4128	17775
7655	21683
6715	36984
7550	20761
8258	22119
7045	21491
10604	24190
5666	20061
1921	13148
8920	23039
3115	36574
7476	37221
7562	20612
5347	20003
2503	14525
10836	24796
4724	18302
8406	15419
3147	14977
6088	20344
10828	25070
5511	19668
8999	22535
6664	36981
2369	13842
2046	13874
10712	24556
7997	18952
3479	16718
8791	23561
3028	15657
109	11973
6835	21420
1087	12676
3366	16126
2617	14944
1742	12190
9933	24249
3388	15988
2661	25108
10668	24196
2926	14200
2152	13676
3288	16613
4754	17918
3454	16009
1246	12751
671	11660
3008	15308
10550	24190
1884	13041
4610	17839
757	12075
1150	12728
453	35923
5944	20392
10756	23768
3461	15958
2558	14352
10965	20241
10252	23911
8180	37388
8576	22474
6923	21561
9225	29146
6282	20287
5891	20120
4457	18006
6150	20490
1865	13047
346	11794
7665	21695
4648	18449
10098	24257
3359	16146
485	11657
6512	21058
2654	14171
1297	36205
10895	25335
5200	19511
2737	14360
2873	15176
4097	17589
3206	16334
8737	15439
9894	24242
4055	36676
8841	22519
9749	35926
3865	16879
8985	22533
11426	25314
5630	19777
10187	24327
10835	24796
4245	36704
5339	19742
10824	25075
2465	14238
2732	15158
1306	12254
3057	36589
6631	21146
5595	15647
8796	22918
5632	19777
10219	23889
8594	22745
9065	23002
265	35803
7315	21685
4651	18673
5815	20111
10698	24214
1819	12407
8129	22208
6747	36997
10805	25040
4114	17777
8782	22902
3190	16582
9140	19577
9263	37846
2055	13592
7823	37368
9467	22561
5635	20046
8320	15902
5993	20224
8493	22663
180	11555
4015	16911
8394	15917
3285	16610
8286	15742
5964	20779
2998	15676
10982	20448
9483	22561
3054	15332
2825	15142
5517	20005
10347	24343
8566	22718
1494	12216
7850	21675
3538	16680
9022	22537
1485	12413
2180	37374
1242	12762
1804	12268
6938	37081
8861	23648
8473	22635
65	11717
3076	15465
6853	21441
8857	22973
11206	24998
9425	22561
1576	12571
7163	21325
591	11641
6554	20982
115	35866
6358	20952
3245	16352
4600	18236
5624	20036
8552	23316
3685	17179
1205	12443
3051	15878
7472	37220
4077	17489
1088	12676
788	12112
9985	24247
2866	14999
2834	14987
8557	22704
4222	17618
9631	24729
8024	15835
6595	21127
4963	19564
342	19294
1417	12437
436	11619
8113	22204
6064	20603
6731	21202
6911	37025
6930	21509
8926	23051
8439	22605
1772	12190
10423	24114
10852	25061
4847	11755
9639	37879
8329	37705
3169	19549
11062	37936
4748	18320
3886	36541
3267	15971
772	11910
7578	20357
3693	16962
3720	16808
2440	14192
1894	13054
2430	14273
8672	22813
5675	20056
7768	19245
7117	21621
1307	12254
4150	17642
2713	14406
10378	24003
3411	16000
4708	18734
9918	24249
9870	24258
10452	24190
9522	22561
262	11602
2678	14214
7173	18455
425	35909
8652	22795
3174	36633
1916	12904
11109	24882
3061	15045
2520	14560
5466	36339
6474	21035
8377	15796
7599	20405
6308	20296
1128	12725
8651	22794
5922	20626
1780	12257
11448	25212
4347	17736
4582	17959
8274	15736
9746	22573
4444	18017
7290	16761
9876	24242
8731	23493
4995	19205
6811	21389
8688	22826
1834	13023
5619	19776
7378	17391
7453	21857
11209	25398
7984	37502
6380	20882
10924	25267
8413	22580
3901	15860
521	35961
8157	11555
4646	18654
2380	13564
1353	12810
7121	21355
3836	17367
5315	19928
6912	21454
11264	24806
5924	20408
1876	12950
6642	21155
7124	17991
1055	12874
3492	16718
1489	12212
2302	13974
4328	17550
10389	23827
6405	18839
9396	22560
857	12123
443	11633
7122	21355
4272	36720
9874	24276
4730	18329
679	11899
7286	16032
6895	21460
10806	25041
9519	22561
3130	14977
3783	17038
8874	22994
3218	16343
5976	20398
10904	25344
293	11729
966	12637
4046	17138
3250	16346
2770	14977
3162	15963
6494	21044
6607	21131
6149	11969
8734	37816
801	12176
11054	25217
7449	21857
9159	19579
1321	12406
4011	17119
3358	16146
4522	18612
3274	16081
5122	19638
3229	16100
8405	15803
8046	20799
6103	20212
4810	18365
5608	19776
8777	22497
7888	19028
7795	21714
3991	17107
4513	18778
11329	25322
8148	22214
8599	22751
815	12106
9735	23768
982	12652
1959	12924
10139	24302
9283	22560
5870	19648
1920	12921
4338	17561
1251	12781
2162	13502
10370	24366
3757	17199
2984	15665
5085	19594
7575	20357
2392	13451
8506	37785
9137	37834
4275	36722
3705	16958
2835	15150
7147	21365
10855	25065
5790	19826
10619	24190
5625	19776
8052	37422
4071	16808
2665	25108
3675	17173
6441	21007
9353	22560
6992	21309
10670	24196
11127	24841
4539	17887
3429	16186
6396	20979
7095	37099
10006	24263
7320	17440
2329	13824
6260	20512
406	35903
6057	20599
8718	23447
981	12648
3	11694
11359	25439
6760	21212
4268	13347
5992	20224
6137	20494
7137	17991
10208	23873
9321	22560
1845	13033
10409	24476
2106	13484
7379	17445
9695	15412
11315	25461
4614	17947
2143	13494
7201	15114
3168	36634
6635	21149
2382	13448
10202	23868
3613	35848
4316	17519
6368	36951
9713	22849
4914	36817
1637	12362
4310	17638
3906	36560
3323	16433
1491	12212
6275	20569
8642	22790
3801	17047
1440	36051
3010	15040
1244	12751
2876	15009
10938	25280
1540	12342
5438	19990
4713	18290
11046	24869
4164	17523
3540	16670
11381	25316
6507	21053
6977	37089
11031	25238
10734	24511
1193	12484
11337	25325
1327	12807
9048	22543
10599	24190
5206	19509
9210	23137
6239	20531
6892	21306
4591	18421
4126	17775
9884	24242
4493	17865
1188	12480
4499	18093
9667	37880
3243	16350
8120	22221
9091	23116
6421	21000
10231	23902
11251	25107
2082	13469
9074	23104
10940	25282
7388	16947
4156	17649
11039	24874
11341	25327
10321	24348
322	11566
5401	19751
1515	12528
7470	37219
3320	15977
45	12133
6986	21464
5606	19778
2955	15301
1103	36157
9192	23134
9555	23151
7564	37274
2911	36563
3615	35849
6681	21174
1422	12212
11128	24903
8715	22840
4649	18459
4902	19004
7017	21488
3581	15865
8625	22768
6360	20967
11298	24827
10719	24189
8977	22532
4679	17839
10534	24190
5100	19603
1659	12834
6862	21619
1145	12728
2023	13185
6658	17806
11436	25460
3890	15600
2993	15672
6012	20675
6599	21127
8617	22760
5642	20046
8415	22581
6618	21135
5541	20026
9232	29142
3779	16850
2745	14071
3382	15958
6687	20929
9207	23136
4575	17959
3142	15056
4801	18370
1968	12895
4236	17625
4709	18292
8359	15788
2524	14101
871	11929
6290	20592
10753	23768
6510	21056
5382	19915
11481	24854
10996	37918
11379	25316
5678	20061
508	11654
9579	22575
3434	16194
2139	13492
10379	24018
4916	19176
9193	23134
11040	24869
2277	13448
4694	18396
11234	24989
6316	20299
11253	25109
585	11647
11435	25460
795	12172
475	11866
5159	19483
7740	37339
367	11999
5551	19763
2878	15009
1083	12672
8431	23181
7796	21716
8387	37749
3166	19550
719	11675
4285	17681
3526	16665
7309	16707
1632	12827
4463	18013
11502	23779
2690	14222
2948	15301
8679	22823
2889	15224
1687	12364
9457	22561
854	11924
358	35887
7493	18270
7246	15114
5615	20031
5652	20052
690	35972
11361	25441
10842	25078
6268	36871
1749	12190
6246	20281
949	12624
3032	15040
7107	21540
6433	36967
1612	12539
6914	21556
6445	21009
2978	15302
2995	15674
8581	22733
3137	15056
5408	19970
3026	15654
4880	19433
3378	15958
8216	20425
9589	23169
9066	22545
2190	13511
3732	16988
3671	16949
4173	17594
10579	24190
11144	24941
8410	15421
2968	15628
5121	19614
3973	15728
4750	18303
2674	14206
10442	24137
1744	12190
2073	13606
7726	37284
2297	13750
7034	15601
2108	13646
5462	12921
7919	21867
941	12624
2319	13997
6111	20369
7597	20405
6075	20332
5739	20104
3016	15653
11221	25001
6480	21032
1090	12676
9724	23768
2581	14144
2570	14367
10733	24505
5416	19975
4957	19276
10224	23902
8321	37700
10568	24190
6561	21097
2093	13480
85	11960
11192	25356
6278	20775
666	11660
7029	21317
4711	18694
140	11579
4926	13351
1061	12852
9082	16342
2785	15488
3728	36679
7372	17409
2687	14218
841	12093
3537	16680
4204	17502
9045	23097
10217	23889
6435	21002
9370	22560
3072	14977
950	12460
8357	37738
182	18970
657	11880
4101	17592
5518	20005
3626	16997
2028	13185
1313	12254
4491	18106
1158	12478
7710	19708
4356	17520
3910	36690
9007	22536
7577	20357
3832	17261
6391	20973
4501	18111
7464	21690
7882	19254
8856	22973
243	11786
10647	24190
6950	37083
6725	21197
8127	36005
2219	13532
6692	21180
2700	14080
266	21480
1610	12539
2860	15176
2264	36400
8838	22952
7683	19862
10269	23876
2795	15290
5391	19727
4202	17612
3938	15256
10618	24190
2066	13606
2881	15009
4214	17610
6087	36895
6133	20742
3862	16879
4554	17951
4664	18265
9946	24262
3281	16610
5379	19915
621	11888
7695	37316
9727	23768
6492	21044
308	35830
872	11929
1005	12657
2735	15158
6354	21265
4424	18521
10915	25258
11310	24908
2707	14227
8720	22845
8556	22702
3043	15703
8685	23421
9379	22560
5370	19907
10552	24190
8707	22497
5458	13245
435	11633
9399	22560
7192	37140
2693	14075
6709	21189
9049	22543
832	35991
7744	37344
9678	37887
9741	22560
10920	25275
4837	37516
5991	20653
7081	21323
8449	15427
8695	22833
9093	23118
2339	13771
6469	21026
5835	19812
10475	24190
11409	25005
8897	23013
10971	20446
7849	37381
11218	25399
510	35955
2263	13717
3928	36571
4429	18081
10308	24325
706	11666
8237	37620
3814	17055
4379	18031
5037	19163
11208	25398
5111	36827
5303	19937
2572	14367
8478	22640
4784	18336
1329	12807
4901	18860
6611	21133
9351	22560
2848	14735
7848	37381
8934	23730
3252	16605
4687	18681
3424	16165
11334	25327
1214	12487
3396	15985
2634	14410
2410	14426
8386	37748
148	11603
8955	23076
1025	12665
10702	24198
2805	15725
313	35832
7291	16758
11154	24933
10210	23879
11000	20453
5900	20616
4294	17684
3298	16094
6069	20320
7673	19858
8043	37594
11067	25424
9890	24242
3940	15253
11175	25347
8240	37484
10684	24201
5351	20003
2379	36448
4306	17540
5349	20003
3268	16071
10443	24141
7327	17343
2824	15478
9349	22560
7773	18882
2322	13774
2639	14154
2897	15596
4807	18379
3290	16404
5955	20641
6985	18334
10690	24201
9017	22537
489	11860
381	11771
9722	22921
7699	37322
2479	14251
178	11744
2017	36365
5978	20663
4205	17502
3668	16949
6833	21418
8038	20795
4279	17681
9005	22535
11408	25005
370	12003
3196	15963
8199	13113
9268	37846
6980	21350
1484	36071
5185	36805
1355	12812
9610	13849
68	11728
10055	24269
1681	12584
11199	24950
6624	21139
4446	17844
11442	25204
7239	15454
10918	25261
10848	25078
5721	20076
4161	17641
9332	22560
6217	20511
10411	24476
3502	16680
10340	23957
568	13325
6699	21181
6830	21297
2278	13745
733	11918
10736	24501
4026	17326
3864	16879
2031	13864
685	35972
5715	20078
8863	23654
1084	12672
6910	21453
4201	17602
7712	19708
5755	20104
5134	19128
97	11964
9622	16851
4145	11693
6195	20786
1981	13281
6257	20281
6566	20927
2237	13702
2203	36390
3830	17349
9121	19391
9602	13847
1482	36078
144	11579
9547	23145
9691	15407
3272	16079
3419	16000
10103	24275
3621	16997
10665	24196
5966	20644
8854	22969
9546	23145
3808	17048
2882	15208
1341	12313
6010	20675
549	13325
377	12009
11368	25448
351	11605
9940	24244
10731	24174
10331	24356
11038	24874
6120	20371
8853	22968
247	11586
1160	12478
9591	23171
11174	25346
630	11675
2168	13506
493	12033
3902	36559
3764	17207
62	11713
3318	16110
2189	13532
2830	15142
9984	24247
7794	21712
1917	12913
3578	36671
10131	24302
9685	37890
10759	23768
8097	15846
4376	18026
4460	18008
2473	14247
2178	13507
2959	36366
3741	16840
8821	22936
4980	19424
3657	16810
360	11997
1960	12913
2701	14080
8633	22474
108	11976
8002	37534
10631	24190
8546	22693
10910	25263
429	11805
21	11696
9714	23768
509	35958
1261	12779
3602	16657
8048	20713
8088	22021
8436	22609
5528	20018
11469	25188
3452	16226
1569	12562
11193	25356
3704	16958
10571	24190
5446	19997
9647	24580
7385	17396
3645	16850
11453	25226
393	11613
7702	37320
1927	13157
4016	18312
4692	18396
7880	21842
6046	20695
10521	24190
2539	14103
5356	19726
1153	12728
5467	36345
1940	13000
8175	37411
8657	22800
1050	12885
9551	23151
147	11603
6042	20679
3577	36671
6346	20950
1754	12190
1376	12818
2660	25108
2816	15487
4771	18345
7609	20706
8280	37682
4172	17598
2752	35853
5770	19806
6617	21134
3525	16665
26	11931
5752	20101
7325	17343
7606	37254
228	11602
2431	14099
10610	24190
3326	16430
10999	20453
8740	15439
11345	25317
4051	16916
4092	17584
11232	24989
7967	37510
2120	13487
11205	24999
6703	21185
10469	24190
2004	13189
901	11649
5742	20104
4671	18660
2942	15627
10002	24245
5224	19226
205	11774
10393	23827
7616	20794
5047	36829
2001	13300
5006	18991
4233	17623
6713	20940
2434	14170
5683	20066
9221	29142
4817	17875
2032	13864
6080	20344
8909	23028
9365	22560
2044	13863
7989	37427
11311	24768
1888	36305
8505	37784
3087	15467
10102	24275
1626	12821
7615	20701
8994	22534
2102	13638
4613	18415
4595	17839
4912	19176
3203	16589
2187	13512
10395	23827
1589	12567
5902	20381
8789	22910
8342	15757
6625	21140
5634	19777
10581	24190
10353	23790
6454	36970
10489	24190
6090	20206
11351	25327
9199	23136
1753	12190
1932	12983
5022	19209
10143	24302
664	11889
8146	22293
9188	23134
9133	37834
6240	20532
7962	18758
7872	21842
9508	22561
7671	21649
6311	20296
1820	12212
11239	24751
6716	21194
223	11682
2133	13660
10171	23887
8575	22725
10199	23887
1641	12357
3692	17026
9300	22560
6587	21113
3816	17055
9638	37879
9009	22536
6973	21350
8344	15760
4896	19222
9736	23768
2857	15268
2474	14247
6130	20497
6196	36902
9427	22561
2248	13711
747	12078
1085	12672
1380	12316
5552	19763
6395	20886
1536	12342
6068	20324
5988	37592
11347	25471
7153	21557
7185	21505
668	11660
2214	13521
4320	17541
9308	22560
3249	16355
9944	24244
2107	13484
2464	14238
7039	15603
10847	25078
11276	24957
7775	21630
8839	22954
8970	22531
2270	13745
1049	12881
2424	14419
4757	17918
1375	12522
6093	20347
345	11598
11138	24862
3919	15021
9059	22545
9575	23166
2603	14453
10989	20451
324	11566
5110	19473
4096	17588
5825	36862
904	27149
5039	19397
9627	24729
5682	20061
3518	16732
10655	24193
10237	23917
2992	15671
6506	21058
9938	24244
10117	24621
10019	24293
10327	24354
7664	21649
8784	22508
10551	24190
61	11717
2378	36447
4834	17839
11044	24869
6479	21031
2442	14192
5643	19785
8288	15746
8761	22879
4239	17626
9294	22560
1768	12190
10207	23879
7886	19258
2497	14510
3466	15958
2762	15391
3217	16343
2952	15295
9979	24247
10392	23827
2846	14735
8801	23584
8407	15421
7572	20355
1086	12676
3829	17073
11378	25316
5075	19492
9431	22561
10361	24387
9496	22561
6258	20281
9403	22560
810	12168
7605	37250
1986	13291
10937	25279
791	12118
4326	17724
4019	16907
5740	20104
7035	15603
7817	21758
1249	12498
261	11602
3557	16752
6100	20212
8691	22826
3234	16070
11318	25464
10096	24257
9927	24267
10983	20448
8681	23405
1783	12257
9578	22575
7573	20357
6367	20965
10495	24190
2504	14280
1512	12332
5400	19962
10205	23879
545	11649
8632	22472
9455	22561
3357	16484
4851	35859
6146	20494
5579	15274
5005	18991
9257	37845
2336	13771
10053	24251
6476	21028
10307	24322
9564	23827
10349	23935
10056	24269
3803	17047
957	12629
3898	15860
1864	12949
856	12121
8443	15427
3521	16665
8264	22121
5785	19806
2800	15290
10356	24389
6534	21077
11088	24874
6171	20264
9732	22549
3599	16757
6223	20281
5872	19649
1746	12190
7437	21697
10808	25043
1712	12590
6500	21052
8308	37670
6968	36495
11032	24751
10678	24197
9055	22543
1956	13104
8068	22172
4981	19191
3212	16336
9904	24243
4490	18106
6535	21072
8930	23057
10299	24321
880	12128
7543	20768
9160	37842
8960	23079
10240	23908
7456	21857
5532	19668
5044	19397
8596	22748
9262	37845
1669	12577
8121	15231
1657	12834
8794	22916
784	12118
7252	16287
8565	22463
3412	16147
1955	13106
1130	12445
8622	23379
3438	16218
9991	24265
9484	22561
7591	20789
8810	23588
5509	20006
131	11580
9491	22561
7643	19876
10812	25049
2485	14243
9038	23097
2717	14113
7368	17467
6954	21524
2403	14735
945	12624
4138	17783
8524	15817
8683	23413
6230	20281
3754	16997
2051	13592
3737	16835
2164	13506
6857	21302
3967	17100
162	35864
6029	20415
3300	16404
3667	16949
8459	22620
7933	17810
7507	37229
3398	15988
913	30871
5973	20648
11332	25322
3773	16853
771	11912
10278	23909
4498	18103
2646	14173
5727	20084
3689	17179
368	12000
237	11769
9204	23136
10410	24476
10183	23779
9401	22560
5820	19680
10273	23876
7306	16707
3844	16880
7518	18333
5667	20061
2884	15009
6542	21080
5426	19982
1377	12526
10243	23779
3048	36605
800	12176
1177	12612
10651	24193
8150	22210
7611	20707
11165	25366
4918	13351
8312	37672
6778	21273
9092	23117
2432	14111
9052	15436
3984	16905
654	12057
6861	21609
7648	20135
3449	16224
3340	16641
6199	20781
9320	22560
7186	21505
6826	21407
8892	23005
4086	17580
8447	15809
9277	22560
11291	25013
8709	23436
5493	19523
1914	12976
5250	13842
3914	15021
7467	17997
44	12131
8333	15414
2024	13218
8106	22127
4826	18837
7707	19708
956	12631
6447	21011
4497	18529
8373	15792
4703	17939
8586	22737
5180	19286
11242	24971
9494	22561
9990	24265
10840	24796
9	11702
8455	23202
25	11930
354	11605
9905	24243
9956	24246
3317	16105
4911	18860
7452	21857
3772	17017
8580	22731
3484	16720
1628	12532
703	11882
7588	20787
10375	24045
2406	14426
10692	24222
6846	21431
1092	12697
3579	15865
6285	20287
5460	13245
11494	24851
715	11675
6504	21052
962	12634
11267	24818
5522	20022
2352	14021
9298	22560
1525	12338
3405	36654
7093	37093
11113	24886
9028	22538
200	11780
8008	37534
2311	13755
5041	19581
9305	22560
7738	37338
2797	15290
3224	16058
1017	12662
462	35920
3753	16997
5350	20153
10289	23820
6004	20670
9661	37879
6371	20969
9211	23137
10877	25098
10038	24248
8235	21867
3993	13245
4536	18649
4990	19133
10530	24190
336	35880
1167	12478
2466	14090
2858	15268
6264	20514
2324	13994
11034	24872
6988	21468
4021	16907
10864	25087
10964	20444
7522	18391
10771	23768
4569	17956
5272	19926
6856	21441
2400	14735
9582	13260
2574	14367
2803	15725
4681	17839
6067	20606
11456	25228
5760	20104
10146	24293
4974	18988
2135	13659
1673	36255
1559	12223
1129	12445
5927	20629
6313	20298
9552	23148
5791	19821
10802	25038
7883	19255
2344	13785
4080	17489
9260	37845
5855	19815
4287	17791
10913	25256
7910	37384
6966	21346
7711	19708
6482	21035
10016	24293
1340	12313
9516	22561
4556	17959
6549	21086
5572	15269
3097	36626
4329	17545
5691	19788
5167	19448
6503	21050
1229	12777
3463	15958
9708	22433
12	11939
3535	16668
1063	12678
6593	21119
4886	19220
2667	14071
10748	23768
4665	18236
11263	24805
9716	23768
2506	14550
1810	12265
1933	12921
6755	37002
10744	23768
1534	12338
975	12644
7352	17405
10613	24190
866	11929
6341	20877
10280	23813
8907	23022
5650	20049
10710	24542
797	12176
2684	14214
2205	13682
9215	23137
3450	16223
2280	13953
8526	15818
8870	37820
4014	18310
1949	13216
4000	16905
9034	22539
279	35809
8952	23747
9438	22561
11185	25354
10206	23879
10649	24193
7895	21849
5198	19007
1498	12223
1672	36255
5531	19668
4221	17506
8223	37619
3353	16469
6353	21264
10193	24327
1285	12504
2349	13813
2613	14071
4397	18032
8184	37396
10275	23876
1132	12445
3804	17047
2036	13869
9378	22560
6640	21153
11419	25405
6677	20925
1022	12665
538	11849
883	11926
2892	15227
543	11852
7294	16759
10501	24190
2109	36376
4373	18030
1998	13092
2472	14247
9194	23134
8073	21989
4531	17869
8732	22860
705	11884
8712	22488
11084	24751
9861	22102
8036	20713
5442	19997
3109	15347
1719	12254
7043	21489
5971	20646
6622	21138
11428	25316
2045	13870
9683	22208
3821	17053
5479	13237
6772	20942
5335	19956
9303	22560
7044	21318
4344	17480
2234	13694
6739	36991
921	30847
10632	24190
2347	36451
2924	15615
364	11797
629	11888
6903	37031
7509	17997
9177	23132
8262	21927
7174	21565
7835	37380
3514	16736
1661	12555
1563	12556
8472	23242
1072	12688
2291	13745
8114	22282
10811	25046
6812	21390
4020	16907
1799	12190
7350	17457
9845	22102
1256	12781
4580	18416
469	11628
8074	22001
9261	37845
9994	24265
583	11836
1878	13129
4013	16911
6577	21105
339	11596
8901	22519
1181	12612
2021	13313
6842	21436
761	12075
1180	12612
9329	22560
3221	16334
69	11728
7857	21791
1309	12254
3322	15977
5083	19313
2213	13692
11431	25460
10780	26413
11158	25357
1774	12190
6919	21331
8220	20426
6085	14771
388	35901
7754	37342
4462	18013
7799	37324
523	11657
3788	17038
8757	23541
1818	36016
7177	21568
2086	13480
10179	23887
608	11841
10271	23876
9913	24243
2591	14200
5082	20111
10888	25476
492	12036
2971	15307
5485	13238
6753	21209
8356	15790
4645	18449
9202	23136
3597	37476
6013	20677
448	11620
2000	13287
8990	22534
1946	13216
10093	24257
3271	16078
4979	19423
1682	12364
5488	13240
8562	22708
4327	17724
4383	18031
5513	20005
2727	14125
8348	15760
2097	36374
9145	19577
5311	19944
1226	12746
7473	18126
3603	16755
10341	24336
3622	16856
248	11586
2366	14029
4925	13375
1542	12344
9574	23756
3305	16411
10590	24190
3953	17093
5483	13238
4215	17506
3941	15254
10268	23876
9554	23151
6769	20942
11302	24832
11335	37939
3768	17209
9198	23134
208	35877
316	35833
11295	25022
2592	14435
10745	23768
6511	21058
10601	24190
6748	36998
2545	14330
6597	21127
2544	14113
7307	21649
6883	21452
7086	21323
5822	19680
9931	24267
3527	16666
3534	16680
10801	25038
9656	24566
8401	15801
6393	20975
1675	36255
3024	15655
11369	25316
3066	15709
2159	13502
4751	36754
1627	36242
8981	22533
5916	20621
7623	21649
4158	17523
1469	36077
11140	24864
1144	12445
2094	13480
1502	12328
9503	22561
76	11959
460	11633
2624	14410
11214	25004
1111	12713
3148	14977
1453	12292
3881	15021
8904	23015
10648	24193
6377	20969
1911	12913
2652	36484
3498	16773
2417	14739
6208	20554
4309	17650
6164	20476
3807	17055
8144	22287
5108	19299
9747	13584
3594	36674
9400	22560
7787	19617
9110	23131
840	12087
8702	22487
375	12006
102	11971
8570	22463
4009	16911
8122	15221
6310	20296
2856	14992
1031	12667
513	35957
7511	18361
7619	20703
0	11694
6556	21091
3547	16680
5567	19773
7087	37064
95	11962
2459	14238
7007	21475
8573	22723
2508	14542
6801	21315
8440	22606
5852	19812
9357	22560
1975	13279
42	11710
3231	16070
3307	16411
3208	16334
4997	19205
4088	17581
5375	19911
3103	15077
10274	23877
6198	20786
10118	24299
3440	16015
6921	21289
10891	25331
245	11983
9597	22573
6575	21103
7737	37346
6337	20958
10672	24197
3233	16362
5334	19954
6158	20488
5564	19731
4521	18612
557	13325
7986	18953
3306	16411
2298	36413
8355	37732
8750	22869
7978	37499
971	12641
7036	37052
7346	17401
215	11789
3965	17098
2699	14080
11089	24871
3761	17011
3896	36549
3837	17368
11080	25167
2566	14136
695	12043
728	11675
9090	23754
4321	17541
870	36001
373	12004
4827	17972
9701	22433
10992	37916
11433	25460
3968	17096
3948	17279
11394	25454
1133	12445
2210	13905
470	12011
7856	21790
10995	20453
1442	12428
1174	12310
8375	15792
9744	22555
1562	12555
5776	19806
10561	24190
7057	21502
5084	19596
9703	22540
4468	17840
5620	20032
4684	18678
4870	17134
5340	19742
7596	37245
9322	22560
819	12109
605	11647
6345	20949
7355	17343
8162	11555
1173	12714
2614	14071
8826	22939
8624	22768
9953	24244
5393	19962
884	11929
944	12624
7235	15454
3571	16687
3756	17196
1579	12831
6248	20281
6785	20734
6960	21527
2436	14192
463	35921
9230	29140
5156	19483
6682	21176
5654	19782
4413	18069
9214	23137
4403	18511
2760	11808
10519	24190
3749	16997
7523	17997
1885	13039
5778	19806
1595	12568
6180	20510
5254	19733
3381	15958
2265	13919
3820	17055
11077	25178
2422	14419
3690	16970
5713	20046
2317	13997
1870	12949
8402	15803
10902	25479
5881	19649
3304	16094
1077	12672
5168	19461
6374	36953
3085	15464
2886	15009
1236	12771
8609	15436
1260	12779
10857	25079
4416	18069
3551	16677
2913	22130
3207	16330
5700	20069
3638	17011
11366	25446
6081	19556
9337	22560
10008	24263
665	11891
9889	24260
6678	20925
8947	23068
5860	19815
2908	15605
5126	36462
1471	12212
6609	21170
5735	19792
6486	21037
6832	21428
8752	22879
11117	24841
8956	23076
2728	14167
4783	18719
6331	20954
5908	20473
11306	24877
7253	16290
4421	17851
11227	24986
5559	19770
11479	24853
3094	15077
6056	20598
7193	21373
10634	24190
9288	22560
7690	19877
10391	23827
9509	22561
4063	17157
1695	36276
5003	18992
2304	13750
6035	20682
8115	22277
10502	24190
4228	17764
2922	36581
7314	21684
9742	22561
1814	12288
4808	18383
853	11924
6702	21184
1655	12834
55	11718
4773	18347
2514	14551
4707	11971
191	35875
10713	24563
3458	15958
2218	13532
2593	36492
2869	14997
6244	20281
5424	19981
707	11666
1509	36225
142	11579
2305	13448
4136	17775
8511	22664
156	35869
476	35951
3175	16038
2284	13793
7008	21476
8748	23517
490	11860
119	11762
7344	17343
1164	12478
7524	17997
10400	24640
5534	19668
7803	19019
5475	13237
1011	12659
4559	17952
6323	36921
7656	21686
1024	12665
11407	25005
9505	22561
891	36008
6989	11689
9313	22560
5857	36864
9844	22102
8164	22080
2741	14230
9393	22560
8279	15742
5751	20104
11111	24883
1634	12362
7003	37047
5453	13245
93	11964
4796	18360
11143	24946
4547	17884
4241	36705
7466	37216
4634	17944
6873	15787
9280	22560
8290	15890
4132	11693
3650	16834
9254	37845
9233	29143
389	35901
6970	21340
7782	21725
7546	21357
11049	25213
4587	17959
7267	16243
6794	37009
7006	21475
6959	21527
3669	16949
1363	12514
10068	24268
9434	22561
2141	13662
9515	22561
11011	37930
8972	22532
3519	16736
11487	25199
2738	14363
4950	18860
103	35840
229	11682
270	19586
5839	19812
861	12156
813	12109
2054	13591
7114	21355
11194	24954
9442	22561
4584	17959
8525	37794
10538	24190
11423	25313
7098	21538
4076	17489
1445	12292
11396	25454
6996	21309
10427	24088
8541	23283
10387	24063
5243	18860
7767	18882
1565	12558
2933	14200
10739	24501
8470	23233
2226	13519
3426	16168
6440	21005
1791	12202
6871	37020
2843	14987
4209	17605
7179	21571
11303	24834
5604	19774
10512	24190
7412	37194
3939	36576
955	12631
3507	16782
2822	15723
2396	13454
7040	15603
6819	21399
3681	17176
7202	15110
209	35878
844	12093
3909	36690
298	35827
979	12644
1423	12293
10488	24190
6854	21586
9064	22994
10738	24730
5387	19727
2972	15307
10214	23891
1923	12921
11027	37933
11103	37938
651	35973
8578	22733
7559	20607
2362	13579
5828	19680
3444	16018
7313	18088
1492	12314
5361	19907
2043	13862
10263	23906
2656	36484
7827	13100
6186	20809
288	12136
10945	25295
6104	19560
7441	21857
8745	23505
9096	23125
3796	16989
10368	24032
7659	21649
6250	20525
4698	18398
83	11960
7579	20357
6052	20318
7958	37498
9044	23097
4534	17869
11504	23779
8381	15793
3550	16677
7212	15449
7529	20565
6515	21058
94	12014
6206	20556
8203	37394
7190	21370
4333	17550
3574	36670
7916	37478
7376	17396
4455	18004
3722	16832
5616	20031
693	11874
4736	18304
4487	17841
3021	15660
7734	19854
5346	19998
8517	22670
8876	23666
3659	36675
8967	22531
5330	19740
7417	21697
10582	24190
8706	22487
9512	22561
10360	24387
3280	16610
8056	22128
6386	20970
7912	21675
1102	12707
2912	36548
2630	14071
9266	37846
10723	24176
9106	23126
11078	25177
3694	16963
1648	12357
2313	13997
6513	21058
9583	36776
4512	17869
6382	36954
6530	21068
8887	23694
2551	14127
1299	12507
11129	24899
2401	14731
10509	24190
2810	14987
2839	15136
3060	15045
8504	15811
10588	24190
6645	21159
5958	20641
4656	18675
4701	17937
1262	12779
2575	14367
2730	15158
5731	20083
4441	18014
415	11608
504	35959
325	11566
3003	15317
268	35804
3752	17185
9371	22560
792	12118
6810	21399
11364	25444
7390	17426
5278	19733
9348	22560
5257	19923
3007	15513
4028	36742
9460	22561
1301	12397
9465	22561
6650	20988
1215	12487
8266	21929
10871	25092
11470	24853
1183	12480
4324	17721
1052	12883
2435	14177
587	35927
8890	23002
5324	19951
5671	20057
10286	23817
10508	24190
1119	12722
5982	20663
165	11582
6606	21130
11163	25366
7889	21675
6483	21035
7487	37223
4805	18375
90	11961
7178	21571
2341	36434
3260	37472
1621	12532
2255	13914
6030	20415